   9.7657253e-39   1.6167599e-38   2.5972261e-38   4.0480100e-38   6.3601100e-38
   9.8312091e-38   1.5201026e-37   2.3434719e-37   3.6076526e-37   5.5199643e-37
   8.5335328e-37   1.3164597e-36   2.0169382e-36   3.1036091e-36   4.7596781e-36
   7.3033847e-36   1.1282979e-35   1.7431613e-35   2.7006631e-35   4.2013426e-35
   6.5005320e-35   1.0140948e-34   1.5831807e-34   2.5047346e-34   3.8927541e-34
   5.8556121e-34   8.7786574e-34   1.3330495e-33   2.0428151e-33   3.1466005e-33
   3.0881935e-38   5.1126438e-38   8.2131499e-38   1.2800932e-37   2.0112434e-37
   3.1089013e-37   4.8069864e-37   7.4107086e-37   1.1408398e-36   1.7455658e-36
   2.6985393e-36   4.1630088e-36   6.3781111e-36   9.8144506e-36   1.5051353e-35
   2.3095118e-35   3.5679293e-35   5.5121680e-35   8.5397430e-35   1.3284660e-34
   2.0554813e-34   3.2065686e-34   5.0058204e-34   7.9195018e-34   1.2309149e-33
   1.8516768e-33   2.7760266e-33   4.2154628e-33   6.4599680e-33   9.9455834e-33
   9.7657253e-38   1.6167599e-37   2.5972261e-37   4.0480100e-37   6.3601099e-37
   9.8312088e-37   1.5201025e-36   2.3434716e-36   3.6076516e-36   5.5199612e-36
   8.5335227e-36   1.3164566e-35   2.0169283e-35   3.1035787e-35   4.7595856e-35
   7.3031058e-35   1.1282164e-34   1.7429093e-34   2.7000030e-34   4.1844138e-34
   6.4806240e-34   1.0119205e-33   1.5823487e-33   2.5032171e-33   3.8883512e-33
   5.8484732e-33   8.7782241e-33   1.3330099e-32   2.0410861e-32   3.1447162e-32
   3.0881935e-37   5.1126438e-37   8.2131498e-37   1.2722361e-36   2.0112433e-36
   3.1089010e-36   4.8069854e-36   7.4107053e-36   1.1408388e-35   1.7455626e-35
   2.6985292e-35   4.1629772e-35   6.3780127e-35   9.8141467e-35   1.5050430e-34
   2.3092336e-34   3.5671174e-34   5.5096680e-34   8.5332387e-34   1.3221484e-33
   2.0478953e-33   3.1971831e-33   4.9977311e-33   7.9231680e-33   1.2288435e-32
   1.8490996e-32   2.7731365e-32   4.2144664e-32   6.4519313e-32   9.9368846e-32
   9.7657253e-37   1.6167599e-36   2.5972259e-36   4.0231636e-36   6.3601089e-36
   9.8312056e-36   1.5201015e-35   2.3434683e-35   3.6076414e-35   5.5199299e-35
   8.5334218e-35   1.3164250e-34   2.0168300e-34   3.1032753e-34   4.7586650e-34
   7.3003421e-34   1.1274149e-33   1.7399779e-33   2.6937850e-33   4.1711427e-33
   6.4626290e-33   1.0084461e-32   1.5750391e-32   2.4962890e-32   3.8791709e-32
   5.8434942e-32   8.7628623e-32   1.3313406e-31   2.0367514e-31   3.1335951e-31
   3.0881934e-36   5.1126435e-36   8.2131488e-36   1.2722358e-35   2.0112423e-35
   3.1088978e-35   4.8069752e-35   7.4106730e-35   1.1408286e-34   1.7455313e-34
   2.6984283e-34   4.1626621e-34   6.3770322e-34   9.8111293e-34   1.5041323e-33
   2.3065273e-33   3.5594165e-33   5.4859775e-33   8.4785662e-33   1.3112800e-32
   2.0328482e-32   3.1684830e-32   4.9434228e-32   7.8337024e-32   1.2217387e-31
   1.8440017e-31   2.7640935e-31   4.1952654e-31   6.4069483e-31   9.8315467e-31
   9.7657246e-36   1.6167596e-35   2.5972249e-35   4.0231603e-35   6.3600989e-35
   9.8311738e-35   1.5200912e-34   2.3434360e-34   3.6075394e-34   5.5196172e-34
   8.5324160e-34   1.3161113e-33   2.0158582e-33   3.1003099e-33   4.7498596e-33
   7.2936703e-33   1.1205569e-32   1.7219641e-32   2.6538647e-32   4.1000228e-32
   6.3603336e-32   9.9056027e-32   1.5447598e-31   2.4450480e-31   3.8338403e-31
   5.7999956e-31   8.6831099e-31   1.3145487e-30   1.9997571e-30   3.0518352e-30
   3.0881928e-35   5.1126407e-35   8.2131384e-35   1.2722325e-34   2.0112323e-34
   3.1088660e-34   4.8068728e-34   7.4103503e-34   1.1407268e-33   1.7452197e-33
   2.6974298e-33   4.1595694e-33   6.3775978e-33   9.7830059e-33   1.4961558e-32
   2.2913295e-32   3.5121746e-32   5.3696034e-32   8.2589259e-32   1.2763378e-31
   1.9822044e-31   3.0854057e-31   4.7936162e-31   7.5503014e-31   1.1946765e-30
   1.8126279e-30   2.7054863e-30   4.0746069e-30   6.1538215e-30   9.3035640e-30
   9.7657178e-35   1.6167569e-34   2.5972145e-34   4.0231274e-34   6.3599990e-34
   9.8308564e-34   1.5199890e-33   2.3431143e-33   3.6065271e-33   5.5165366e-33
   8.5226522e-33   1.3131502e-32   2.0104320e-32   3.0593369e-32   4.6881730e-32
   7.1526219e-32   1.0929039e-31   1.6665734e-31   2.5649096e-31   3.9691715e-31
   6.1544944e-31   9.5236955e-31   1.4657572e-30   2.2891566e-30   3.6759901e-30
   5.6004182e-30   8.3126488e-30   1.2411390e-29   1.8538182e-29   2.7659131e-29
   3.0881860e-34   5.1126130e-34   8.2130348e-34   1.2721996e-33   2.0111325e-33
   3.1085493e-33   4.8058550e-33   7.4071619e-33   1.1397326e-32   1.7422454e-32
   2.6894017e-32   4.1025294e-32   6.3088887e-32   9.5633736e-32   1.4596534e-31
   2.2202498e-31   3.3863438e-31   5.1722280e-31   7.9630795e-31   1.2275545e-30
   1.8878440e-30   2.8882900e-30   4.3830507e-30   6.7671724e-30   1.1098909e-29
   1.7002990e-29   2.5026693e-29   3.6919509e-29   5.4373006e-29   7.9925023e-29
   9.7656503e-34   1.6167292e-33   2.5971111e-33   4.0227997e-33   6.3590049e-33
   9.8277117e-33   1.5189858e-32   2.3307496e-32   3.5647943e-32   5.4897003e-32
   8.4503237e-32   1.2843646e-31   1.9674554e-31   2.9721204e-31   4.5239105e-31
   6.8713090e-31   1.0483577e-30   1.6021307e-30   2.4508512e-30   3.7397614e-30
   5.6749829e-30   8.5472948e-30   1.2772215e-29   1.9424117e-29   3.2675520e-29
   5.0437631e-29   7.3464467e-29   1.0687416e-28   1.5506334e-28   2.2454690e-28
   3.0881186e-33   5.1123368e-33   8.2120051e-33   1.2718747e-32   2.0034642e-32
   3.0856982e-32   4.7665098e-32   7.3496514e-32   1.1215407e-31   1.7216541e-31
   2.6395589e-31   3.9973487e-31   6.1043692e-31   9.2006657e-31   1.3997858e-30
   2.1263780e-30   3.2350515e-30   4.9050633e-30   7.4130431e-30   1.1146541e-29
   1.6631079e-29   2.4621104e-29   3.6087058e-29   5.4158633e-29   9.3709170e-29
   1.4576026e-28   2.1010922e-28   3.0138553e-28   4.3139501e-28   6.1683791e-28
   9.7649774e-33   1.6164546e-32   2.5960967e-32   4.0196356e-32   6.3284159e-32
   9.7369207e-32   1.5011218e-31   2.3082850e-31   3.5096891e-31   5.3685005e-31
   8.2022204e-31   1.2384566e-30   1.8880747e-30   2.8464137e-30   4.3285964e-30
   6.5398669e-30   9.8514276e-30   1.4740433e-29   2.1921540e-29   3.2401084e-29
   4.7483013e-29   6.9012245e-29   9.9572732e-29   1.4768466e-28   2.6220194e-28
   4.1104349e-28   5.8681296e-28   8.3195959e-28   1.1789979e-27   1.6689313e-27
   3.0874504e-32   5.1096421e-32   8.1594217e-32   1.2689525e-31   1.9950208e-31
   3.0623347e-31   4.7047596e-31   7.2101750e-31   1.0925376e-30   1.6658293e-30
   2.5380410e-30   3.8282145e-30   5.8400509e-30   8.7847105e-30   1.3268936e-29
   1.9818148e-29   2.9442083e-29   4.3358031e-29   6.3347222e-29   9.2138149e-29
   1.3287679e-28   1.9023965e-28   2.7114726e-28   3.9781232e-28   7.1968316e-28
   1.1380469e-27   1.6118899e-27   2.2659435e-27   3.1860759e-27   4.4773878e-27
   9.6816423e-32   1.6118988e-31   2.5740512e-31   3.9960376e-31   6.2648352e-31
   9.5824932e-31   1.4669420e-30   2.2415122e-30   3.3845290e-30   5.1481126e-30
   7.8431949e-30   1.1826911e-29   1.7976719e-29   2.6812074e-29   4.0061587e-29
   5.8979410e-29   8.6718502e-29   1.2567337e-28   1.7978591e-28   2.5879414e-28
   3.6862458e-28   5.2262914e-28   7.3853269e-28   1.0724549e-27   1.9485973e-27
   3.1099665e-27   4.3830865e-27   6.1210846e-27   8.5578632e-27   1.2051917e-26
   3.0570411e-31   5.0816388e-31   8.0979762e-31   1.2540505e-30   1.9584181e-30
   2.9843868e-30   4.5526223e-30   6.9341858e-30   1.0448845e-29   1.5896550e-29
   2.4184106e-29   3.6245471e-29   5.4622563e-29   8.0513816e-29   1.1886267e-28
   1.7246613e-28   2.5052799e-28   3.5871067e-28   5.1046426e-28   7.2304556e-28
   1.0234060e-27   1.4439801e-27   2.0286222e-27   2.9066336e-27   5.2410964e-27
   8.4188805e-27   1.1807370e-26   1.6342942e-26   2.3263208e-26   3.2579934e-26
   9.6307734e-31   1.5970736e-30   2.5401707e-30   3.9231707e-30   6.0967395e-30
   9.2485127e-30   1.4061742e-29   2.1393999e-29   3.2211520e-29   4.8836111e-29
   7.3732748e-29   1.0929736e-28   1.6299391e-28   2.3716109e-28   3.4780734e-28
   4.9656061e-28   7.1338215e-28   1.0157762e-27   1.4309001e-27   2.0021583e-27
   2.8042494e-27   4.0097926e-27   5.5878953e-27   8.0221166e-27   1.4071197e-26
   2.2886663e-26   3.0992670e-26   4.5223208e-26   6.3368659e-26   8.8652041e-26
   3.0237280e-30   5.0050437e-30   7.9451749e-30   1.2225115e-29   1.8886640e-29
   2.8537627e-29   4.3334918e-29   6.5794259e-29   9.8390429e-29   1.4772835e-28
   2.2037607e-28   3.2207842e-28   4.7716053e-28   6.8324904e-28   9.9233695e-28
   1.4077302e-27   1.9842766e-27   2.8512973e-27   3.9722001e-27   5.5493911e-27
   7.8065415e-27   1.0969907e-26   1.5434812e-26   2.2051099e-26   3.7788086e-26
   6.1807531e-26   8.8511501e-26   1.2285119e-25   1.7474279e-25   2.4614385e-25
   9.4667948e-30   1.5640668e-29   2.4755058e-29   3.7924950e-29   5.8278530e-29
   8.7795458e-29   1.3268232e-28   1.9961882e-28   2.9450321e-28   4.3601352e-28
   6.4174035e-28   9.2235315e-28   1.3513562e-27   1.9178867e-27   2.7674961e-27
   3.8474629e-27   5.3450734e-27   7.7697740e-27   1.0917507e-26   1.4939017e-26
   2.1500002e-26   2.9901527e-26   4.2340294e-26   6.1056578e-26   1.0150478e-25
   1.6903210e-25   2.3952864e-25   3.3897841e-25   4.7148125e-25   6.6044416e-25
   2.9549215e-29   4.8684948e-29   7.6802858e-29   1.1710542e-28   1.7883539e-28
   2.6727833e-28   4.0322333e-28   5.9153871e-28   8.6740285e-28   1.2496959e-27
   1.8105767e-27   2.6180164e-27   3.7271012e-27   5.3191952e-27   7.5332727e-27
   1.0297311e-26   1.4672872e-26   2.0707037e-26   2.9026603e-26   4.0734718e-26
   5.7970382e-26   8.2061715e-26   1.1578115e-25   1.6994125e-25   2.7341598e-25
   4.3490343e-25   6.4612126e-25   8.9662106e-25   1.2714492e-24   1.7471390e-24
   9.1790179e-29   1.5075847e-28   2.3668363e-28   3.5810955e-28   5.4060900e-28
   7.9698095e-28   1.1835989e-27   1.7074941e-27   2.4612501e-27   3.5423340e-27
   5.0000083e-27   7.1901105e-27   9.9755351e-27   1.3951271e-26   1.9850965e-26
   2.8088022e-26   3.9913163e-26   5.5418016e-26   7.9616235e-26   1.1306746e-25
   1.5617821e-25   2.2828154e-25   3.2076038e-25   4.4488940e-25   6.8378773e-25
   1.1012032e-24   1.5712900e-24   2.3279875e-24   3.1253492e-24   4.4868699e-24
   2.8287992e-28   4.6208386e-28   7.1856219e-28   1.0737296e-27   1.6123942e-27
   2.3203309e-27   3.3974434e-27   4.8619764e-27   6.8827349e-27   9.8225331e-27
   1.3757259e-26   1.9560667e-26   2.7222367e-26   3.8066382e-26   5.4259951e-26
   7.6468062e-26   1.0845401e-25   1.5396226e-25   2.1702461e-25   3.0665879e-25
   4.4612892e-25   6.1459800e-25   8.5854187e-25   1.1910159e-24   1.7038951e-24
   2.6063378e-24   3.7998965e-24   5.4664144e-24   7.5234508e-24   1.0516246e-23
   8.5731799e-28   1.3848956e-27   2.1215280e-27   3.1259189e-27   4.6388209e-27
   6.6382901e-27   9.5536037e-27   1.3630125e-26   1.9149606e-26   2.6903033e-26
   3.8182339e-26   5.3817800e-26   7.5659001e-26   1.0654062e-25   1.5243223e-25
   2.1645807e-25   3.0626003e-25   4.4627873e-25   6.1234414e-25   8.6288486e-25
   1.1940904e-24   1.6341521e-24   2.3536495e-24   3.3070687e-24   4.4290801e-24
   6.3007506e-24   8.7877705e-24   1.2547302e-23   1.8077656e-23   2.5339664e-23
   2.5050643e-27   3.9745201e-27   5.9795910e-27   8.7003480e-27   1.2823231e-26
   1.8106641e-26   2.5932650e-26   3.7044598e-26   5.2075829e-26   7.4593153e-26
   1.0325279e-25   1.4839039e-25   2.1109981e-25   2.9768540e-25   4.2555561e-25
   5.9732516e-25   8.2199304e-25   1.1980940e-24   1.6156288e-24   2.2556828e-24
   3.1482260e-24   4.4309633e-24   6.2537398e-24   8.7975371e-24   1.0905271e-23
   1.4833560e-23   2.1715665e-23   2.9668684e-23   4.1559947e-23   5.8001497e-23
   6.8299628e-27   1.0593004e-26   1.5788228e-26   2.2424081e-26   3.2743498e-26
   4.5822430e-26   6.5684116e-26   9.3268212e-26   1.3292778e-25   1.8757273e-25
   2.6125128e-25   3.7065951e-25   5.3295254e-25   7.3862124e-25   1.0515481e-24
   1.4455806e-24   2.0677801e-24   2.8924849e-24   4.0763054e-24   5.7311606e-24
   7.8747862e-24   1.0758022e-23   1.5586731e-23   2.0778687e-23   2.6874213e-23
   3.6214089e-23   5.1042838e-23   7.0107210e-23   9.7153554e-23   1.3491193e-22
   1.6786715e-26   2.5311983e-26   3.6614666e-26   5.1139111e-26   7.3074169e-26
   1.0272994e-25   1.4092457e-25   2.0003471e-25   2.8667269e-25   3.9770571e-25
   5.7044210e-25   7.9711726e-25   1.1054267e-24   1.5326233e-24   2.1473055e-24
   3.0157870e-24   4.2413335e-24   5.9195922e-24   8.3397777e-24   1.1627353e-23
   1.6275879e-23   2.2554358e-23   3.0989764e-23   4.4335759e-23   6.2024372e-23
   8.6487902e-23   1.2308455e-22   1.7641962e-22   2.3900815e-22   3.2965740e-22
   3.6655724e-26   5.3300845e-26   7.3947966e-26   1.0197705e-25   1.4089549e-25
   1.9585818e-25   2.5706747e-25   3.8026510e-25   5.2984149e-25   7.5921621e-25
   1.0413293e-24   1.4463951e-24   2.0296828e-24   2.8494779e-24   3.8892279e-24
   5.4347425e-24   7.6759638e-24   1.0716225e-23   1.5062129e-23   2.0981140e-23
   2.9267640e-23   4.0834828e-23   5.7365187e-23   8.3352779e-23   1.4388484e-22
   2.2296879e-22   3.0014750e-22   4.2729012e-22   5.8127028e-22   8.0250383e-22
   7.3249425e-26   1.0284409e-25   1.3786998e-25   1.8842023e-25   2.5646408e-25
   3.6028552e-25   5.0274262e-25   7.0895825e-25   9.8456147e-25   1.4177435e-24
   1.9342707e-24   2.7182360e-24   3.8038753e-24   5.3552400e-24   7.5173991e-24
   1.0294130e-23   1.4540752e-23   2.0305074e-23   2.8636978e-23   3.9928544e-23
   5.6108386e-23   7.8698730e-23   1.0962715e-22   1.6003038e-22   3.4232232e-22
   5.4901847e-22   7.5173264e-22   1.0589649e-21   1.4337898e-21   2.0688496e-21
   1.4000966e-25   1.9545159e-25   2.6652787e-25   3.7021312e-25   5.0296428e-25
   7.3106571e-25   1.0347011e-24   1.4796881e-24   2.0667073e-24   3.0132764e-24
   4.0947566e-24   5.7984387e-24   8.1803452e-24   1.1583481e-23   1.6420738e-23
   2.3999464e-23   3.1459140e-23   4.4056556e-23   6.2157773e-23   8.6845677e-23
   1.2264765e-22   1.7190043e-22   2.3825445e-22   3.6036981e-22   7.7645691e-22
   1.3611761e-21   1.8699931e-21   2.6422459e-21   3.7647129e-21   5.1713426e-21
   2.8478606e-25   4.0882979e-25   5.8397421e-25   8.3371947e-25   1.1258464e-24
   1.7118777e-24   2.4644252e-24   3.5794412e-24   4.9842462e-24   7.3746455e-24
   1.0253551e-23   1.5242070e-23   2.0111430e-23   2.8519202e-23   4.0535993e-23
   5.9548482e-23   8.0927752e-23   1.1365341e-22   1.6018687e-22   2.1418153e-22
   3.0399445e-22   4.2505044e-22   5.8846476e-22   8.8047440e-22   1.7950382e-21
   3.3642079e-21   4.7289239e-21   6.6173310e-21   9.4354115e-21   1.3001376e-20
