   5.0210628e-52   9.1915517e-52   1.6326938e-51   2.8589289e-51   5.1366951e-51
   8.9559706e-51   1.5415234e-50   2.6442670e-50   4.5313113e-50   7.6873643e-50
   1.3238930e-49   2.2665424e-49   3.8684601e-49   6.6005054e-49   1.1209896e-48
   1.9060498e-48   3.2255220e-48   5.4146316e-48   8.9872084e-48   1.4621715e-47
   2.2923599e-47   3.7720352e-47   6.3346534e-47   1.0894957e-46   1.9429331e-46
   3.3016228e-46   5.5534019e-46   9.3970234e-46   1.5945098e-45   2.7009853e-45
   1.5877995e-51   2.9066239e-51   5.1630310e-51   9.0407269e-51   1.6243655e-50
   2.8321264e-50   4.8747243e-50   8.3619040e-50   1.4329256e-49   2.4309551e-49
   4.1865068e-49   7.1674007e-49   1.2233022e-48   2.0872211e-48   3.5447403e-48
   6.0269990e-48   1.0198537e-47   1.7117743e-47   2.8406531e-47   4.6205476e-47
   7.2445163e-47   1.1920931e-46   2.0014858e-46   3.4421243e-46   6.1415995e-46
   1.0439307e-45   1.7559414e-45   2.9712487e-45   5.0414832e-45   8.5312247e-45
   5.0210627e-51   9.1915516e-51   1.6326937e-50   2.8589287e-50   5.1366943e-50
   8.9559681e-50   1.5415225e-49   2.6442638e-49   4.5313001e-49   7.6873260e-49
   1.3238793e-48   2.2664953e-48   3.8682978e-48   6.5999533e-48   1.1208055e-47
   1.9054450e-47   3.2236032e-47   5.4082953e-47   8.9695000e-47   1.4488429e-46
   2.2652914e-46   3.7577519e-46   6.3124860e-46   1.0854152e-45   1.9359546e-45
   3.2924663e-45   5.5507769e-45   9.3922684e-45   1.5909898e-44   2.6955602e-44
   1.5877994e-50   2.9066237e-50   5.1630303e-50   8.9890545e-50   1.6243648e-49
   2.8321239e-49   4.8747152e-49   8.3618723e-49   1.4329144e-48   2.4309168e-48
   4.1863706e-48   7.1669295e-48   1.2231400e-47   2.0866694e-47   3.5429016e-47
   6.0209644e-47   1.0179433e-46   1.7054920e-46   2.8232275e-46   4.5514110e-46
   7.1247723e-46   1.1812575e-45   1.9803445e-45   3.4179443e-45   6.0994086e-45
   1.0398690e-44   1.7505018e-44   2.9662152e-44   5.0216191e-44   8.4992109e-44
   5.0210624e-50   9.1915499e-50   1.6326930e-49   2.8425867e-49   5.1366868e-49
   8.9559428e-49   1.5415134e-48   2.6442321e-48   4.5311883e-48   7.6869423e-48
   1.3237431e-47   2.2660244e-47   3.8666777e-47   6.5944462e-47   1.1189736e-46
   1.8994540e-46   3.2047652e-46   5.3344340e-46   8.8036221e-46   1.4119841e-45
   2.2183575e-45   3.6715606e-45   6.1291368e-45   1.0585062e-44   1.9098627e-44
   3.2764287e-44   5.5159009e-44   9.3401199e-44   1.5783339e-43   2.6637225e-43
   1.5877991e-49   2.9066220e-49   5.1630228e-49   8.9890294e-49   1.6243573e-48
   2.8320986e-48   4.8746247e-48   8.3615555e-48   1.4328026e-47   2.4305332e-47
   4.1850094e-47   7.1622274e-47   1.2215248e-46   2.0811952e-46   3.5247962e-46
   5.9623946e-46   9.9989891e-46   1.6462205e-45   2.6792516e-45   4.2574277e-45
   6.7497720e-45   1.1131112e-44   1.8546321e-44   3.2217902e-44   5.9173689e-44
   1.0264041e-43   1.7272319e-43   2.9177941e-43   4.9081660e-43   8.2284831e-43
   5.0210590e-49   9.1915330e-49   1.6326855e-48   2.8425616e-48   5.1366118e-48
   8.9556905e-48   1.5414229e-47   2.6439154e-47   4.5300711e-47   7.6831117e-47
   1.3223853e-46   2.2613452e-46   3.8506798e-46   6.5407211e-46   1.1015115e-45
   1.8490026e-45   3.0456007e-45   4.8933320e-45   7.7898418e-45   1.2316662e-44
   1.9837524e-44   3.2864933e-44   5.5381757e-44   9.6777372e-44   1.8124224e-43
   3.1791217e-43   5.3371685e-43   8.9607659e-43   1.4932089e-42   2.4718067e-42
   1.5877957e-48   2.9066052e-48   5.1629485e-48   8.9887783e-48   1.6242823e-47
   2.8318463e-47   4.8737195e-47   8.3583915e-47   1.4316877e-46   2.4267177e-46
   4.1715366e-46   7.1161453e-46   1.2021751e-45   2.0304568e-45   3.3678799e-45
   5.5269483e-45   8.8625323e-45   1.3762139e-44   2.1676283e-44   3.4783331e-44
   5.7563114e-44   9.7034634e-44   1.6369218e-43   2.8362335e-43   5.4453698e-43
   9.6534295e-43   1.6100490e-42   2.6712796e-42   4.3811880e-42   7.1110556e-42
   5.0210246e-48   9.1913648e-48   1.6326112e-47   2.8423106e-47   5.1358623e-47
   8.9531697e-47   1.5405191e-46   2.6407613e-46   4.5189909e-46   7.6454230e-46
   1.3092354e-45   2.2173758e-45   3.6979999e-45   6.0594302e-45   9.8307005e-45
   1.5623742e-44   2.4483232e-44   3.7526541e-44   6.0421307e-44   1.0029626e-43
   1.6887229e-43   2.8284518e-43   4.6794611e-43   7.9709831e-43   1.5831388e-42
   2.8407048e-42   4.6827403e-42   7.6301655e-42   1.2240123e-41   1.9370617e-41
   1.5877613e-47   2.9064369e-47   5.1622054e-47   8.9862708e-47   1.6235338e-46
   2.8293317e-46   4.8647268e-46   8.3271580e-46   1.4208210e-45   2.3904347e-45
   4.0500175e-45   6.6916843e-45   1.0920321e-44   1.7284083e-44   2.7124596e-44
   4.2361284e-44   6.6380020e-44   1.0516482e-43   1.7476267e-43   2.9199057e-43
   4.8462421e-43   7.9297557e-43   1.2759836e-42   2.1283367e-42   4.4103534e-42
   8.0162885e-42   1.2998090e-41   2.0695226e-41   3.2344954e-41   4.9841527e-41
   5.0206815e-47   9.1896835e-47   1.6318693e-46   2.8398105e-46   5.1284098e-46
   8.9282166e-46   1.5316648e-45   2.5945899e-45   4.3796225e-45   7.3210341e-45
   1.2097022e-44   1.9336913e-44   3.0492917e-44   4.7041531e-44   7.2957505e-44
   1.1491084e-43   1.8515266e-43   3.0457029e-43   5.0333755e-43   8.2415819e-43
   1.3319369e-42   2.1155865e-42   3.3074490e-42   5.3809875e-42   1.1683975e-41
   2.1545894e-41   3.4257859e-41   5.3185313e-41   8.0978692e-41   1.2164711e-40
   1.5874184e-46   2.9047591e-46   5.1548251e-46   8.9615010e-46   1.6106576e-45
   2.7793530e-45   4.7634228e-45   8.0016745e-45   1.3233679e-44   2.1483301e-44
   3.4259796e-44   5.3185956e-44   8.2417503e-44   1.2675408e-43   1.9992391e-43
   3.2474713e-43   5.3171844e-43   8.6630408e-43   1.3971800e-42   2.2226603e-42
   3.4750259e-42   5.3640728e-42   8.1112548e-42   1.2920025e-41   2.9493509e-41
   5.5094870e-41   8.5967859e-41   1.3022952e-40   1.9380001e-40   2.8510825e-40
   5.0172608e-46   9.1730135e-46   1.6246072e-45   2.8157449e-45   5.0403415e-45
   8.6235382e-45   1.4526918e-44   2.3796365e-44   3.8103192e-44   6.0019091e-44
   9.3567117e-44   1.4372899e-43   2.2369700e-43   3.5263884e-43   5.7107005e-43
   9.2934707e-43   1.4937823e-42   2.3690712e-42   3.7053879e-42   5.7096061e-42
   8.6476810e-42   1.2939706e-41   1.9057548e-41   2.9838806e-41   7.1314833e-41
   1.3484320e-40   2.0681560e-40   3.0711121e-40   4.4949768e-40   6.5054226e-40
   1.5840239e-45   2.8884229e-45   5.0632299e-45   8.7407654e-45   1.5481398e-44
   2.5972960e-44   4.2430032e-44   6.7472735e-44   1.0550032e-43   1.6384507e-43
   2.5401727e-43   3.9483996e-43   6.3199159e-43   1.0123802e-42   1.6261819e-42
   2.5842562e-42   4.0381699e-42   6.2099377e-42   9.4066263e-42   1.4068270e-41
   2.0720308e-41   3.0230007e-41   4.3636339e-41   6.7285549e-41   1.6703343e-40
   3.1988036e-40   4.8371081e-40   7.0799784e-40   1.0228191e-39   1.4636444e-39
   4.9576561e-45   9.0024900e-45   1.5576467e-44   2.6412228e-44   4.5836298e-44
   7.4802933e-44   1.1896067e-43   1.8640306e-43   2.8844707e-43   4.4809401e-43
   7.0840661e-43   1.1282064e-42   1.8158058e-42   2.8647358e-42   4.4955513e-42
   6.9373057e-42   1.0539575e-41   1.5733475e-41   2.3130775e-41   3.3838469e-41
   4.8780990e-41   6.9951682e-41   9.9571478e-41   1.5123825e-40   3.8306330e-40
   7.4344965e-40   1.1140864e-39   1.6134399e-39   2.3095769e-39   3.2989260e-39
   1.5447977e-44   2.7541813e-44   4.6447181e-44   7.7045392e-44   1.3065420e-43
   2.0912113e-43   3.2851144e-43   5.1205915e-43   7.9719298e-43   1.2670401e-42
   2.0383054e-42   3.2309278e-42   5.1109420e-42   7.8712494e-42   1.2046609e-41
   1.8067711e-41   2.6789371e-41   3.9072643e-41   5.6400617e-41   8.0771984e-41
   1.1516172e-40   1.6352942e-40   2.3071013e-40   3.4439249e-40   8.6953387e-40
   1.7088292e-39   2.5432963e-39   3.6442423e-39   5.2774313e-39   7.4894024e-39
   4.7052558e-44   8.1551012e-44   1.3485994e-43   2.2072786e-43   3.6682830e-43
   5.7937298e-43   9.0770670e-43   1.4336923e-42   2.2786438e-42   3.6490830e-42
   5.8069399e-42   9.0165867e-42   1.3955325e-41   2.0963910e-41   3.1499909e-41
   4.5996865e-41   6.6898012e-41   9.6244971e-41   1.3680651e-40   1.9288821e-40
   2.7157220e-40   3.8869410e-40   5.4430070e-40   8.0638430e-40   1.9663867e-39
   3.9389193e-39   5.6932661e-39   8.5113371e-39   1.2147582e-38   1.7203259e-38
   1.3868222e-43   2.3625296e-43   3.8874979e-43   6.2930347e-43   1.0267482e-42
   1.6163827e-42   2.5722839e-42   4.1235288e-42   6.5311013e-42   1.0292054e-41
   1.6018966e-41   2.4252904e-41   3.6808701e-41   5.4002327e-41   7.9673288e-41
   1.1455659e-40   1.6319117e-40   2.3532062e-40   3.2996564e-40   4.6423708e-40
   6.5443431e-40   9.2115967e-40   1.2966726e-39   1.8998328e-39   4.4463807e-39
   9.0243374e-39   1.3696174e-38   1.9648740e-38   2.8397341e-38   4.0421747e-38
   4.0172847e-43   6.8268746e-43   1.1193052e-42   1.7970102e-42   2.9105223e-42
   4.6229830e-42   7.3925914e-42   1.1711679e-41   1.8125335e-41   2.7853169e-41
   4.2214192e-41   6.2317927e-41   9.2759227e-41   1.3379237e-40   1.9494110e-40
   2.7401399e-40   3.8365001e-40   5.5752933e-40   7.8548190e-40   1.0823977e-39
   1.5536810e-39   2.1647543e-39   3.0618745e-39   4.5055830e-39   1.0007864e-38
   2.0766718e-38   3.1431360e-38   4.5921005e-38   6.5245959e-38   9.2512135e-38
   1.1646199e-42   1.9765301e-42   3.2411717e-42   5.1889568e-42   8.3765771e-42
   1.3202710e-41   2.0872817e-41   3.1908607e-41   4.8374990e-41   7.1596576e-41
   1.0583207e-40   1.5519278e-40   2.2374026e-40   3.2250007e-40   4.5945254e-40
   6.3371093e-40   9.0202557e-40   1.2756516e-39   1.7908094e-39   2.5193539e-39
   3.5848107e-39   5.0668382e-39   7.1395355e-39   1.0575007e-38   2.2259313e-38
   4.4818474e-38   7.1054518e-38   1.0265778e-37   1.4861979e-37   2.0792385e-37
   3.3840077e-42   5.7548416e-42   9.4356568e-42   1.4965502e-41   2.3685436e-41
   3.6361704e-41   5.5830243e-41   8.2737874e-41   1.2190401e-40   1.7809400e-40
   2.5478052e-40   3.6895596e-40   5.1619618e-40   7.2641480e-40   1.0389612e-39
   1.4709719e-39   2.0819003e-39   2.8988395e-39   4.1651368e-39   5.9021023e-39
   8.1742078e-39   1.1847004e-38   1.6636192e-38   2.3433941e-38   4.5876571e-38
   9.3141617e-38   1.4416999e-37   2.2072795e-37   3.0723624e-37   4.4643561e-37
   9.8430896e-42   1.6724639e-41   2.7054782e-41   4.1879290e-41   6.4845913e-41
   9.5772391e-41   1.4312522e-40   2.0804312e-40   2.9812379e-40   4.2887618e-40
   6.0490355e-40   8.6326941e-40   1.2050996e-39   1.6895417e-39   2.4063476e-39
   3.3920929e-39   4.8029627e-39   6.8170466e-39   9.6158440e-39   1.3565394e-38
   1.9579498e-38   2.7074844e-38   3.7835405e-38   5.3074434e-38   9.3229994e-38
   1.7835168e-37   2.8193637e-37   4.2383319e-37   6.0422513e-37   8.6243156e-37
   2.8277699e-41   4.7319679e-41   7.4380755e-41   1.1179027e-40   1.6838462e-40
   2.4439833e-40   3.5557301e-40   5.1098737e-40   7.2266272e-40   1.0207946e-39
   1.4503801e-39   2.0452625e-39   2.8788564e-39   4.0547873e-39   5.7853825e-39
   8.2085511e-39   1.1594400e-38   1.6808567e-38   2.3138366e-38   3.2567428e-38
   4.5133796e-38   6.2053383e-38   8.9295077e-38   1.2591630e-37   1.9589539e-37
   3.3898398e-37   5.1761234e-37   7.7448340e-37   1.1435365e-36   1.6384084e-36
   7.7623877e-41   1.2591733e-40   1.9135420e-40   2.8026860e-40   4.1430688e-40
   5.8939777e-40   8.4864185e-40   1.2163511e-39   1.7148775e-39   2.4499918e-39
   3.4113532e-39   4.8904206e-39   6.9459621e-39   9.7884797e-39   1.3945043e-38
   1.9565648e-38   2.6985976e-38   3.9172833e-38   5.3127415e-38   7.4184250e-38
   1.0355711e-37   1.4619816e-37   2.0602512e-37   2.8731680e-37   3.9249437e-37
   6.2273643e-37   9.7421850e-37   1.4088066e-36   2.0382273e-36   2.9113039e-36
   1.9380019e-40   3.0268692e-40   4.4837582e-40   6.3700440e-40   9.2580011e-40
   1.2994574e-39   1.8678276e-39   2.6495886e-39   3.7795722e-39   5.3259170e-39
   7.4513739e-39   1.0558727e-38   1.5100991e-38   2.0975331e-38   2.9747615e-38
   4.0989404e-38   5.8573325e-38   8.1907641e-38   1.1542066e-37   1.6205776e-37
   2.2388135e-37   3.0718465e-37   4.3998247e-37   5.8410538e-37   7.7185868e-37
   1.1609360e-36   1.7529818e-36   2.5315022e-36   3.6268763e-36   5.1544469e-36
   4.1984200e-40   6.2926340e-40   8.9562905e-40   1.2409664e-39   1.7588319e-39
   2.4655759e-39   3.4169081e-39   4.8099753e-39   6.8524312e-39   9.5261381e-39
   1.3642377e-38   1.9028130e-38   2.6372913e-38   3.6667318e-38   5.1222053e-38
   7.1773013e-38   1.0116425e-37   1.4110365e-37   1.9858377e-37   2.7684052e-37
   3.8910961e-37   5.3716422e-37   7.4068128e-37   1.0360103e-36   1.4165195e-36
   2.1294212e-36   3.2098300e-36   4.7515502e-36   6.6766540e-36   9.4252154e-36
   7.7177209e-40   1.1040787e-39   1.4946849e-39   2.0262138e-39   2.7690822e-39
   3.8129033e-39   5.1296820e-39   7.2998473e-39   1.0135103e-38   1.4417170e-38
   1.9898292e-38   2.7548666e-38   3.8370237e-38   5.3510041e-38   7.3703019e-38
   1.0259208e-37   1.4503442e-37   2.0212014e-37   2.8393509e-37   3.9540437e-37
   5.5052548e-37   7.6732840e-37   1.0747505e-36   1.5331957e-36   2.5482984e-36
   4.1379280e-36   5.9678884e-36   8.7678407e-36   1.2318630e-35   1.7370765e-35
   1.2276408e-39   1.6763739e-39   2.1590166e-39   2.8612461e-39   3.8256480e-39
   5.2339450e-39   7.1815847e-39   9.9323787e-39   1.3702033e-38   1.9436174e-38
   2.6786901e-38   3.7210125e-38   5.1661963e-38   7.2028942e-38   1.0029829e-37
   1.3882746e-37   1.9609995e-37   2.7328645e-37   3.8456652e-37   5.3582391e-37
   7.4787147e-37   1.0457683e-36   1.4585495e-36   2.1257432e-36   4.5652568e-36
   7.8429052e-36   1.1440006e-35   1.6668608e-35   2.3299459e-35   3.3876520e-35
   1.7392586e-39   2.3047618e-39   2.9180660e-39   3.8521816e-39   5.1147763e-39
   7.0634198e-39   9.7226274e-39   1.3506499e-38   1.8702052e-38   2.6675102e-38
   3.6783878e-38   5.1304160e-38   7.1566544e-38   1.0009280e-37   1.4019863e-37
   2.0189624e-37   2.7330445e-37   3.8158127e-37   5.3747073e-37   7.4993876e-37
   1.0497974e-36   1.4680812e-36   2.0431848e-36   3.0884707e-36   7.7642028e-36
   1.5088005e-35   2.2125633e-35   3.2323546e-35   4.6883072e-35   6.5746215e-35
   2.3617316e-39   3.1214755e-39   4.0136554e-39   5.3764787e-39   7.1509789e-39
   1.0144450e-38   1.4160083e-38   1.9948019e-38   2.7726130e-38   4.0108642e-38
   5.5824391e-38   8.0055037e-38   1.0895093e-37   1.5308973e-37   2.1544356e-37
   3.1226485e-37   4.3049775e-37   6.0281180e-37   8.4053436e-37   1.1563750e-36
   1.6271526e-36   2.2744919e-36   3.1626178e-36   4.8125788e-36   1.3207409e-35
   2.9176533e-35   4.3796300e-35   6.3663400e-35   9.2470057e-35   1.2997112e-34
