   5.3851241e-52   9.0393164e-52   1.4799435e-51   2.5031061e-51   4.4278324e-51
   7.6761086e-51   1.3230578e-50   2.2946763e-50   4.0019517e-50   6.9357472e-50
   1.2240538e-49   2.1434725e-49   3.7380916e-49   6.4861660e-49   1.1152190e-48
   1.9137574e-48   3.2541814e-48   5.4768398e-48   9.1003655e-48   1.4807509e-47
   2.3206620e-47   3.8160101e-47   6.4038498e-47   1.0986350e-46   1.9566703e-46
   3.3130432e-46   5.5667277e-46   9.4127312e-46   1.5963668e-45   2.7031785e-45
   1.7029258e-51   2.8584828e-51   4.6799921e-51   7.9155163e-51   1.4002035e-50
   2.4273985e-50   4.1838754e-50   7.2564013e-50   1.2655274e-49   2.1932730e-49
   3.8707882e-49   6.7782215e-49   1.1820768e-48   2.0510667e-48   3.5265025e-48
   6.0514074e-48   1.0289279e-47   1.7314845e-47   2.8765449e-47   4.6795606e-47
   7.3343850e-47   1.2060596e-46   2.0235093e-46   3.4712338e-46   6.1850560e-46
   1.0475409e-45   1.7601541e-45   2.9762145e-45   5.0473533e-45   8.5381476e-45
   5.3851241e-51   9.0393162e-51   1.4799434e-50   2.5031058e-50   4.4278316e-50
   7.6761060e-50   1.3230569e-49   2.2946732e-49   4.0019408e-49   6.9357104e-49
   1.2240409e-48   2.1434281e-48   3.7379398e-48   6.4856520e-48   1.1150483e-47
   1.9131985e-47   3.2524120e-47   5.4710048e-47   9.0840689e-47   1.4676778e-46
   2.2937766e-46   3.8025804e-46   6.3834960e-46   1.0948176e-45   1.9496780e-45
   3.3038466e-45   5.5640855e-45   9.4079556e-45   1.5928416e-44   2.6977448e-44
   1.7029257e-50   2.8584826e-50   4.6799912e-50   7.9155135e-50   1.4002027e-49
   2.4273959e-49   4.1838663e-49   7.2563701e-49   1.2655166e-48   2.1932362e-48
   3.8706588e-48   6.7777777e-48   1.1819251e-47   2.0505530e-47   3.5247975e-47
   6.0458300e-47   1.0271657e-46   1.7256948e-46   2.8604852e-46   4.6132813e-46
   7.2178391e-46   1.1959917e-45   2.0040121e-45   3.4494099e-45   6.1429169e-45
   1.0434557e-44   1.7546902e-44   2.9711583e-44   5.0274458e-44   8.5060656e-44
   5.3851236e-50   9.0393140e-50   1.4799425e-49   2.4948872e-49   4.4278236e-49
   7.6760799e-49   1.3230478e-48   2.2946420e-48   4.0018323e-48   6.9353423e-48
   1.2239115e-47   2.1429845e-47   3.7364235e-47   6.4805241e-47   1.1133491e-46
   1.9076579e-46   3.2350131e-46   5.4021161e-46   8.9305336e-46   1.4334175e-45
   2.2501895e-45   3.7226856e-45   6.2122924e-45   1.0694195e-44   1.9236623e-44
   3.2876634e-44   5.5290179e-44   9.3555715e-44   1.5801478e-43   2.6658410e-43
   1.7029252e-49   2.8584804e-49   4.6799825e-49   7.8895049e-49   1.4001947e-48
   2.4273698e-48   4.1837752e-48   7.2560576e-48   1.2654080e-47   2.1928683e-47
   3.8693660e-47   6.7733474e-47   1.1804130e-46   2.0454532e-46   3.5079861e-46
   5.9915548e-46   1.0104369e-45   1.6703915e-45   2.7256974e-45   4.3355447e-45
   6.8643815e-45   1.1315853e-44   1.8833930e-44   3.2583632e-44   5.9606812e-44
   1.0298750e-43   1.7312761e-43   2.9225303e-43   4.9136736e-43   8.2348195e-43
   5.3851186e-49   9.0392918e-49   1.4799338e-48   2.4948593e-48   4.4277437e-48
   7.6758195e-48   1.3229567e-47   2.2943296e-47   4.0007473e-47   6.9316676e-47
   1.2226217e-46   2.1385741e-46   3.7214353e-46   6.4303929e-46   1.0970848e-45
   1.8610595e-45   3.0859386e-45   4.9851539e-45   7.9595165e-45   1.2585802e-44
   2.0231599e-44   3.3454371e-44   5.6268056e-44   9.7977366e-44   1.8258781e-43
   3.1895901e-43   5.3492715e-43   8.9747507e-43   1.4948070e-42   2.4736012e-42
   1.7029202e-48   2.8584582e-48   4.6798953e-48   7.8892254e-48   1.4001148e-47
   2.4271095e-47   4.1828646e-47   7.2529370e-47   1.2643250e-46   2.1892070e-46
   3.8565602e-46   6.7298597e-46   1.1658293e-45   1.9978860e-45   3.3605700e-45
   5.5809460e-45   9.0187968e-45   1.4079782e-44   2.2202110e-44   3.5555463e-44
   5.8666805e-44   9.8746299e-44   1.6663150e-43   2.8786954e-43   5.4875645e-43
   9.6838013e-43   1.6135002e-42   2.6751803e-42   4.3855351e-42   7.1157923e-42
   5.3850688e-48   9.0390701e-48   1.4798466e-47   2.4945799e-47   4.4269450e-47
   7.6732181e-47   1.3220474e-46   2.2912182e-46   3.9899806e-46   6.8954716e-46
   1.2101003e-45   2.0969303e-45   3.5710688e-45   6.0213115e-45   9.8365222e-45
   1.5828657e-44   2.4978837e-44   3.8395048e-44   6.1727453e-44   1.0224763e-43
   1.7212634e-43   2.8858070e-43   4.7818903e-43   8.1191548e-43   1.5962126e-42
   2.8490498e-42   4.6919815e-42   7.6403252e-42   1.2251129e-41   1.9382268e-41
   1.7028704e-47   2.8582366e-47   4.6790242e-47   7.8864338e-47   1.3993172e-46
   2.4245143e-46   4.1738146e-46   7.2221102e-46   1.2537531e-45   2.1542711e-45
   3.7395857e-45   6.3628991e-45   1.0544692e-44   1.7031625e-44   2.7146437e-44
   4.2904068e-44   6.7630617e-44   1.0711187e-43   1.7810443e-43   2.9800823e-43
   4.9552137e-43   8.1238290e-43   1.3100886e-42   2.1767871e-42   4.4497119e-42
   8.0378831e-42   1.3021270e-41   2.0719997e-41   3.2371089e-41   4.9868622e-41
   5.3845708e-47   9.0368558e-47   1.4789769e-46   2.4917965e-46   4.4190025e-46
   7.6474591e-46   1.3131307e-45   2.2612673e-45   3.8899922e-45   6.5808973e-45
   1.1122534e-44   1.8215485e-44   2.9311956e-44   4.6137412e-44   7.2673547e-44
   1.1582550e-43   1.8766571e-43   3.0982354e-43   5.1393954e-43   8.4395876e-43
   1.3675271e-42   2.1774834e-42   3.4127523e-42   5.5261364e-42   1.1797313e-41
   2.1598791e-41   3.4312857e-41   5.3242660e-41   8.1037968e-41   1.2170770e-40
   1.7023729e-46   2.8560272e-46   4.6703734e-46   7.8588604e-46   1.3914799e-45
   2.3993482e-45   4.0886226e-45   6.9002986e-45   1.1604054e-44   1.9157961e-44
   3.1172982e-44   4.9523144e-44   7.8321694e-44   1.2308148e-43   1.9735948e-43
   3.2527516e-43   5.3799431e-43   8.8286642e-43   1.4309439e-42   2.2845799e-42
   3.5825354e-42   5.5458965e-42   8.4060473e-42   1.3314628e-41   2.9801905e-41
   5.5218792e-41   8.6093451e-41   1.3035794e-40   1.9393075e-40   2.8524037e-40
   5.3796092e-46   9.0149184e-46   1.4704698e-45   2.4650146e-45   4.3326273e-45
   7.3504610e-45   1.2367558e-44   2.0301700e-44   3.2913206e-44   5.2521708e-44
   8.3397785e-44   1.3129820e-43   2.0900926e-43   3.3798947e-43   5.5956402e-43
   9.2889082e-43   1.5121635e-42   2.4185978e-42   3.8047324e-42   5.8862357e-42
   8.9433086e-42   1.3419879e-41   1.9804462e-41   3.0820343e-41   7.2098641e-41
   1.3512243e-40   2.0709398e-40   3.0739150e-40   4.4978062e-40   6.5082336e-40
   1.6974548e-45   2.8345713e-45   4.5895542e-45   7.6134071e-45   1.3212045e-44
   2.1892538e-44   3.5496365e-44   5.6197619e-44   8.8596892e-44   1.3920421e-43
   2.2009176e-43   3.5216698e-43   5.8046595e-43   9.6118026e-43   1.5852973e-42
   2.5758384e-42   4.0825193e-42   6.3380458e-42   9.6635637e-42   1.4511401e-41
   2.1439504e-41   3.1360632e-41   4.5344203e-41   6.9514237e-41   1.6889447e-40
   3.2048119e-40   4.8430662e-40   7.0859294e-40   1.0234158e-39   1.4642302e-39
   5.3317585e-45   8.8143287e-45   1.3977195e-44   2.2713322e-44   3.8434499e-44
   6.1511965e-44   9.6330016e-44   1.4957177e-43   2.3307476e-43   3.6673481e-43
   5.9508431e-43   9.8554024e-43   1.6446012e-42   2.6905969e-42   4.3417680e-42
   6.8623595e-42   1.0577057e-41   1.5960570e-41   2.3667511e-41   3.4750630e-41
   5.0261549e-41   7.2252854e-41   1.0300590e-40   1.5573785e-40   3.8719059e-40
   7.4463626e-40   1.1152992e-39   1.6146666e-39   2.3108120e-39   3.3002156e-39
   1.6511062e-44   2.6673152e-44   4.0972937e-44   6.4675653e-44   1.0616184e-43
   1.6542734e-43   2.5448007e-43   3.9188366e-43   6.1583795e-43   1.0003717e-42
   1.6691805e-42   2.7654994e-42   4.5383122e-42   7.2523738e-42   1.1419220e-41
   1.7566763e-41   2.6470105e-41   3.9065129e-41   5.6872842e-41   8.1930268e-41
   1.1720900e-40   1.6687250e-40   2.3591307e-40   3.5140776e-40   8.7779031e-40
   1.7107866e-39   2.5455146e-39   3.6465237e-39   5.2800765e-39   7.4920587e-39
   4.9728654e-44   7.7482719e-44   1.1597791e-43   1.7939473e-43   2.8596585e-43
   4.3641498e-43   6.6680598e-43   1.0440475e-42   1.6945795e-42   2.7965287e-42
   4.6221935e-42   7.4932842e-42   1.1997135e-41   1.8674184e-41   2.8721426e-41
   4.3179504e-41   6.3935774e-41   9.3006097e-41   1.3367223e-40   1.9020580e-40
   2.6961160e-40   3.8508351e-40   5.4085981e-40   8.0148360e-40   1.9756019e-39
   3.9400901e-39   5.6955200e-39   8.5154755e-39   1.2152171e-38   1.7207999e-38
   1.4402017e-43   2.1917007e-43   3.2460128e-43   4.9264399e-43   7.6257905e-43
   1.1538559e-42   1.8012487e-42   2.8928682e-42   4.7049067e-42   7.6257574e-42
   1.2269812e-41   1.9305131e-41   3.0057931e-41   4.5526727e-41   6.8907053e-41
   1.0110697e-40   1.4716358e-40   2.1252218e-40   3.0184509e-40   4.2395526e-40
   5.9208394e-40   8.5574125e-40   1.2057985e-39   1.7731662e-39   4.3864521e-39
   8.9994868e-39   1.3687823e-38   1.9647374e-38   2.8398636e-38   4.0424467e-38
   4.0961111e-43   6.1750020e-43   9.0548018e-43   1.3530817e-42   2.0662151e-42
   3.1710365e-42   5.0197363e-42   7.9823104e-42   1.2648695e-41   1.9861969e-41
   3.0879344e-41   4.6967444e-41   7.1148022e-41   1.0481603e-40   1.5520438e-40
   2.2375084e-40   3.1896101e-40   4.6017336e-40   6.5047271e-40   9.1232590e-40
   1.2947199e-39   1.8123959e-39   2.5652224e-39   3.7388103e-39   9.3367885e-39
   2.0388882e-38   3.1232971e-38   4.5789933e-38   6.5155324e-38   9.2440150e-38
   1.1668221e-42   1.7450552e-42   2.5521997e-42   3.7994939e-42   5.8041448e-42
   8.9006920e-42   1.3828810e-41   2.1354263e-41   3.2663023e-41   4.9512733e-41
   7.4412941e-41   1.0955427e-40   1.6159029e-40   2.3291612e-40   3.3866289e-40
   4.7919019e-40   6.7572424e-40   9.6106756e-40   1.3654976e-39   1.9037257e-39
   2.7028397e-39   3.7966661e-39   5.4215362e-39   7.8009820e-39   1.8370493e-38
   4.2070810e-38   6.8899691e-38   1.0107538e-37   1.4728464e-37   2.0681130e-37
   3.3446304e-42   5.0051354e-42   7.3530205e-42   1.0921150e-41   1.6488128e-41
   2.4748953e-41   3.7523410e-41   5.5857655e-41   8.3066285e-41   1.2145763e-40
   1.7759725e-40   2.5719629e-40   3.6903954e-40   5.2894382e-40   7.5091628e-40
   1.0519493e-39   1.4845831e-39   2.0953429e-39   2.9534503e-39   4.1464262e-39
   5.9033252e-39   8.3158077e-39   1.1705346e-38   1.7246911e-38   3.6584705e-38
   8.2253444e-38   1.3417233e-37   2.1077969e-37   2.9874153e-37   4.3827691e-37
   9.7224937e-42   1.4640389e-41   2.1508372e-41   3.1581461e-41   4.6751543e-41
   6.8510283e-41   1.0118867e-40   1.4671580e-40   2.1281557e-40   3.0611191e-40
   4.3669567e-40   6.2327711e-40   8.7757060e-40   1.2378692e-39   1.7498939e-39
   2.4732033e-39   3.4895044e-39   4.8919870e-39   6.9970471e-39   9.9256824e-39
   1.3764443e-38   2.0030149e-38   2.8117374e-38   3.9560215e-38   7.3628695e-38
   1.5291550e-37   2.4937540e-37   3.9520026e-37   5.7594800e-37   8.3436773e-37
   2.8725547e-41   4.3389673e-41   6.3295891e-41   9.1701990e-41   1.3387316e-40
   1.9152256e-40   2.7746722e-40   3.9683703e-40   5.6377315e-40   8.0013064e-40
   1.1287646e-39   1.5974828e-39   2.2354495e-39   3.1361143e-39   4.4414316e-39
   6.2562127e-39   8.8640707e-39   1.2598192e-38   1.7777336e-38   2.5107456e-38
   3.6570697e-38   5.0270013e-38   7.0138380e-38   9.7821146e-38   1.6057940e-37
   2.9540127e-37   4.7580027e-37   7.2913453e-37   1.0946686e-36   1.5876420e-36
   8.5675513e-41   1.2910002e-40   1.8672160e-40   2.6737935e-40   3.8503173e-40
   5.4628184e-40   7.7805341e-40   1.1010065e-39   1.5500965e-39   2.1777396e-39
   3.0702083e-39   4.3056131e-39   6.0391087e-39   8.5242840e-39   1.2097325e-38
   1.7204194e-38   2.4684015e-38   3.5654471e-38   4.9322227e-38   6.9632862e-38
   9.6990360e-38   1.3349755e-37   1.9237668e-37   2.6583051e-37   3.9317303e-37
   6.1952923e-37   9.6445555e-37   1.3677355e-36   2.0107077e-36   2.8825130e-36
   2.5331675e-40   3.8012501e-40   5.4621995e-40   7.7741181e-40   1.1116066e-39
   1.5668890e-39   2.2171973e-39   3.1206708e-39   4.3856211e-39   6.1667177e-39
   8.6531155e-39   1.2180512e-38   1.7470877e-38   2.4632948e-38   3.5145754e-38
   5.0656084e-38   6.9321300e-38   1.0057886e-37   1.3649486e-37   1.9148652e-37
   2.6672043e-37   3.7887909e-37   5.2324894e-37   7.5152644e-37   9.6049691e-37
   1.3411072e-36   1.9083117e-36   2.6586874e-36   3.7448754e-36   5.2610595e-36
   7.1619744e-40   1.0721668e-39   1.5435602e-39   2.1987416e-39   3.1392191e-39
   4.4285126e-39   6.2393237e-39   8.8627970e-39   1.2498967e-38   1.7621632e-38
   2.4794472e-38   3.4804081e-38   5.0629912e-38   7.0069858e-38   9.9732574e-38
   1.4096880e-37   1.9776615e-37   2.7821746e-37   3.9060611e-37   5.4828402e-37
   7.5079740e-37   1.0325722e-36   1.4946439e-36   2.0436417e-36   2.3446014e-36
   2.7775066e-36   3.7669477e-36   5.2657976e-36   7.1523789e-36   9.8711174e-36
   1.7871355e-39   2.6470072e-39   3.7594640e-39   5.3445825e-39   7.6344882e-39
   1.0817438e-38   1.4885156e-38   2.1708384e-38   3.0580906e-38   4.4076683e-38
   6.1269544e-38   8.6218195e-38   1.2111725e-37   1.7004004e-37   2.3409206e-37
   3.2776644e-37   4.6403654e-37   6.4974212e-37   9.0767115e-37   1.2676799e-36
   1.7984920e-36   2.4979969e-36   3.4625225e-36   4.7493886e-36   4.8898357e-36
   5.7061248e-36   7.2604967e-36   9.9692807e-36   1.3422970e-35   1.8422947e-35
   3.4532091e-39   4.9244160e-39   6.7328839e-39   9.3574304e-39   1.3061150e-38
   1.8309996e-38   2.4572655e-38   3.5828289e-38   4.9949226e-38   7.1660502e-38
   9.9101777e-38   1.3852746e-37   1.9327973e-37   2.6959623e-37   3.7672361e-37
   5.2066120e-37   7.3781282e-37   1.0303441e-36   1.4407125e-36   2.0087284e-36
   2.8382136e-36   3.9561011e-36   5.5090466e-36   7.6657121e-36   8.9575216e-36
   1.0693685e-35   1.3858417e-35   1.8901698e-35   2.5373908e-35   3.5921307e-35
   5.1230669e-39   7.0735558e-39   9.4589909e-39   1.2975626e-38   1.7844300e-38
   2.4970223e-38   3.4778291e-38   4.8509738e-38   6.7520047e-38   9.6576819e-38
   1.3349770e-37   1.8676101e-37   2.6047241e-37   3.6324903e-37   5.0773738e-37
   7.2612493e-37   9.9478328e-37   1.3883416e-36   1.9445543e-36   2.7125530e-36
   3.8243854e-36   5.3410064e-36   7.4415220e-36   1.0571161e-35   1.4419281e-35
   1.9668359e-35   2.6073404e-35   3.5998976e-35   5.0422779e-35   6.9153386e-35
   6.7514580e-39   9.2624643e-39   1.2408809e-38   1.7045769e-38   2.3276642e-38
   3.2885015e-38   4.5903255e-38   6.4226173e-38   8.9279236e-38   1.2815458e-37
   1.7826773e-37   2.5138690e-37   3.4622482e-37   4.8343239e-37   6.7673786e-37
   9.6794401e-37   1.3407714e-36   1.8732097e-36   2.5906183e-36   3.6147949e-36
   5.0991216e-36   7.1222890e-36   9.9199528e-36   1.4226249e-35   2.2354954e-35
   3.5918020e-35   4.9744771e-35   6.9235565e-35   9.7856589e-35   1.3518173e-34
