   1.1136916e-38   1.6839395e-38   2.4765091e-38   3.6665991e-38   5.5405033e-38
   8.3316032e-38   1.2665959e-37   1.9449674e-37   3.0143128e-37   4.6896739e-37
   7.4290011e-37   1.1775765e-36   1.8603676e-36   2.9407384e-36   4.6087901e-36
   7.2025090e-36   1.1244229e-35   1.7482701e-35   2.7178141e-35   4.2323296e-35
   6.5506971e-35   1.0217324e-34   1.5946599e-34   2.5185589e-34   3.9103585e-34
   5.8688944e-34   8.7930018e-34   1.3346123e-33   2.0445225e-33   3.1484659e-33
   3.5218021e-38   5.3250843e-38   7.8314093e-38   1.1594804e-37   1.7520610e-37
   2.6346843e-37   4.0053279e-37   6.1505268e-37   9.5320932e-37   1.4830049e-36
   2.3492557e-36   3.7238215e-36   5.8829917e-36   9.2994099e-36   1.4574209e-35
   2.2776137e-35   3.5556803e-35   5.5283388e-35   8.5940194e-35   1.3382742e-34
   2.0713585e-34   3.2307445e-34   5.0421749e-34   7.9632977e-34   1.2364825e-33
   1.8558768e-33   2.7805625e-33   4.2204048e-33   6.4653674e-33   9.9514782e-33
   1.1136916e-37   1.6839395e-37   2.4765091e-37   3.6665991e-37   5.5405032e-37
   8.3316029e-37   1.2665958e-36   1.9449671e-36   3.0143118e-36   4.6896708e-36
   7.4289914e-36   1.1775735e-35   1.8603583e-35   2.9407100e-35   4.6087041e-35
   7.2022510e-35   1.1243477e-34   1.7480380e-34   2.7172067e-34   4.2158858e-34
   6.5313242e-34   1.0196468e-33   1.5938979e-33   2.5171438e-33   3.9059432e-33
   5.8617351e-33   8.7925661e-33   1.3345725e-32   2.0427932e-32   3.1465796e-32
   3.5218021e-37   5.3250843e-37   7.8314092e-37   1.1594804e-36   1.7520609e-36
   2.6346839e-36   4.0053268e-36   6.1505236e-36   9.5320832e-36   1.4830018e-35
   2.3492460e-35   3.7237916e-35   5.8828992e-35   9.2991258e-35   1.4573350e-34
   2.2773562e-34   3.5549308e-34   5.5260344e-34   8.5880263e-34   1.3321839e-33
   2.0640432e-33   3.2218425e-33   5.0347427e-33   7.9679247e-33   1.2344115e-32
   1.8532903e-32   2.7776634e-32   4.2194038e-32   6.4573219e-32   9.9427622e-32
   1.1136916e-36   1.6839395e-36   2.4765089e-36   3.6551169e-36   5.5405022e-36
   8.3315996e-36   1.2665948e-35   1.9449639e-35   3.0143018e-35   4.6896405e-35
   7.4288948e-35   1.1775435e-34   1.8602658e-34   2.9404264e-34   4.6078482e-34
   7.1996917e-34   1.1236070e-33   1.7460437e-33   2.7114548e-33   4.2035691e-33
   6.5146651e-33   1.0164370e-32   1.5871131e-32   2.5109166e-32   3.8968104e-32
   5.8567119e-32   8.7771356e-32   1.3328957e-31   2.0384462e-31   3.1354374e-31
   3.5218020e-36   5.3250839e-36   7.8314080e-36   1.1558492e-35   1.7520598e-35
   2.6346806e-35   4.0053164e-35   6.1504915e-35   9.5319833e-35   1.4829715e-34
   2.3491495e-34   3.7234927e-34   5.8819766e-34   9.2963045e-34   1.4564875e-33
   2.2748455e-33   3.5477891e-33   5.5062811e-33   8.5369306e-33   1.3219534e-32
   2.0499412e-32   3.1948798e-32   4.9831970e-32   7.8819266e-32   1.2273247e-31
   1.8481500e-31   2.7685668e-31   4.2001255e-31   6.4122225e-31   9.8372400e-31
   1.1136915e-35   1.6839391e-35   2.4765077e-35   3.6551132e-35   5.5404915e-35
   8.3315667e-35   1.2665844e-34   1.9449318e-34   3.0142019e-34   4.6893377e-34
   7.4279315e-34   1.1772459e-33   1.8593507e-33   2.9376497e-33   4.5996298e-33
   7.1966087e-33   1.1171869e-32   1.7290537e-32   2.6733908e-32   4.1351444e-32
   6.4166116e-32   9.9914464e-32   1.5577664e-31   2.4613163e-31   3.8515560e-31
   5.8128934e-31   8.6969618e-31   1.3160440e-30   2.0013658e-30   3.0535506e-30
   3.5218010e-35   5.3250803e-35   7.8313959e-35   1.1558455e-34   1.7520491e-34
   2.6346477e-34   4.0052128e-34   6.1501710e-34   9.5309856e-34   1.4826697e-33
   2.3481926e-33   3.7205548e-33   5.8730546e-33   9.2698546e-33   1.4489832e-32
   2.2613997e-32   3.5052369e-32   5.3938672e-32   8.3220449e-32   1.2874690e-31
   2.0000455e-31   3.1133287e-31   4.8383596e-31   7.6084516e-31   1.2003452e-30
   1.8165736e-30   2.7096870e-30   4.0790905e-30   6.1585801e-30   9.3085557e-30
   1.1136905e-34   1.6839355e-34   2.4764956e-34   3.6550766e-34   5.5403847e-34
   8.3312376e-34   1.2664809e-33   1.9446122e-33   3.0132096e-33   4.6863518e-33
   7.4185596e-33   1.1744236e-32   1.8490305e-32   2.9146275e-32   4.5405773e-32
   7.0602364e-32   1.0909336e-31   1.6741174e-31   2.5841306e-31   4.0038009e-31
   6.2133258e-31   9.6209060e-31   1.4818704e-30   2.3105037e-30   3.6942373e-30
   5.6121955e-30   8.3250170e-30   1.2424392e-29   1.8551754e-29   2.7673130e-29
   3.5217914e-34   5.3250443e-34   7.8312749e-34   1.1558089e-33   1.7519425e-33
   2.6343194e-33   4.0041823e-33   6.1470024e-33   9.5212296e-33   1.4797799e-32
   2.3393925e-32   3.6954350e-32   5.8000064e-32   9.0509486e-32   1.4131846e-31
   2.1910683e-31   3.3796605e-31   5.1937797e-31   8.0234744e-31   1.2392202e-30
   1.9084517e-30   2.9230795e-30   4.4412399e-30   6.8444552e-30   1.1157675e-29
   1.7037114e-29   2.5061916e-29   3.6955929e-29   5.4410416e-29   7.9963125e-29
   1.1136810e-33   1.6838995e-33   2.4763749e-33   3.6547115e-33   5.5393223e-33
   8.3279772e-33   1.2654646e-32   1.9415273e-32   3.0039442e-32   4.6601106e-32
   7.3329458e-32   1.1489495e-31   1.8066791e-31   2.8099294e-31   4.3760349e-31
   6.7762643e-31   1.0457153e-30   1.6091137e-30   2.4716139e-30   3.7805609e-30
   5.7476436e-30   8.6698733e-30   1.2974007e-29   1.9689642e-29   3.2862226e-29
   5.0533605e-29   7.3561784e-29   1.0697332e-28   1.5516388e-28   2.2464826e-28
   3.5216958e-33   5.3246852e-33   7.8300732e-33   1.1554470e-32   1.7508931e-32
   2.6311288e-32   3.9944410e-32   6.0894462e-32   9.3874719e-32   1.4593696e-31
   2.2861410e-31   3.5685706e-31   5.5943914e-31   8.6837597e-31   1.3520275e-30
   2.0949694e-30   3.2265085e-30   4.9296796e-30   7.4848188e-30   1.1286365e-29
   1.6873671e-29   2.5029557e-29   3.6738875e-29   5.5001437e-29   9.4284368e-29
   1.4602315e-28   2.1037222e-28   3.0165028e-28   4.3166064e-28   6.1710320e-28
   1.1135856e-32   1.6835429e-32   2.4751917e-32   3.6511891e-32   5.5145840e-32
   8.2609913e-32   1.2526200e-31   1.9095649e-31   2.9311806e-31   4.5378587e-31
   7.0818202e-31   1.1022950e-30   1.7253386e-30   2.6800129e-30   4.1738588e-30
   6.4379967e-30   9.8239482e-30   1.4820146e-29   2.2154068e-29   3.2845331e-29
   4.8237505e-29   7.0251104e-29   1.0148926e-28   1.5014706e-28   2.6388924e-28
   4.1174418e-28   5.8750854e-28   8.3265215e-28   1.1796896e-27   1.6696111e-27
   3.5207495e-32   5.3211920e-32   7.8187921e-32   1.1521975e-31   1.7372253e-31
   2.5948534e-31   3.9175728e-31   5.9467938e-31   9.0914461e-31   1.4023667e-30
   2.1819449e-30   3.3934005e-30   5.3171892e-30   8.2470151e-30   1.2762301e-29
   1.9469403e-29   2.9316976e-29   4.3550761e-29   6.3992953e-29   9.3356477e-29
   1.3492282e-28   1.9354053e-28   2.7615907e-28   4.0427740e-28   7.2435749e-28
   1.1398477e-27   1.6136744e-27   2.2677112e-27   3.1878353e-27   4.4790990e-27
   1.1126634e-31   1.6802626e-31   2.4594778e-31   3.6250239e-31   5.4464430e-31
   8.0990058e-31   1.2171742e-30   1.8407581e-30   2.8025713e-30   4.3103276e-30
   6.7063218e-30   1.0432383e-29   1.6285301e-29   2.5038644e-29   3.8316793e-29
   5.7633142e-29   8.5532715e-29   1.2514985e-28   1.8101978e-28   2.6119970e-28
   3.7293798e-28   5.2974311e-28   7.4941307e-28   1.0867926e-27   1.9607007e-27
   3.1142871e-27   4.3874898e-27   6.1255058e-27   8.5622898e-27   1.2056580e-26
   3.5033311e-31   5.2866958e-31   7.7297543e-31   1.1357781e-30   1.6980579e-30
   2.5130495e-30   3.7598285e-30   5.6623162e-30   8.5991468e-30   1.3227264e-29
   2.0547405e-29   3.1741657e-29   4.9029490e-29   7.4397747e-29   1.1236070e-28
   1.6652902e-28   2.4509371e-28   3.5439296e-28   5.0797407e-28   7.2307218e-28
   1.0260874e-27   1.4505413e-27   2.0414016e-27   2.9269805e-27   5.2690985e-27
   8.4280338e-27   1.1817441e-26   1.6353053e-26   2.3275167e-26   3.2591918e-26
   1.1029291e-30   1.6596988e-30   2.4212657e-30   3.5456924e-30   5.2683003e-30
   7.7517915e-30   1.1547149e-29   1.7361669e-29   2.6349667e-29   4.0354526e-29
   6.2060830e-29   9.4551815e-29   1.4391216e-28   2.1489017e-28   3.2008243e-28
   4.6805559e-28   6.8198070e-28   9.7880038e-28   1.3919599e-27   1.9634848e-27
   2.7669981e-27   3.9418730e-27   5.5108107e-27   7.9221667e-27   1.4093420e-26
   2.2898966e-26   3.1007497e-26   4.5248771e-26   6.3396141e-26   8.8680068e-26
   3.4598085e-30   5.1948185e-30   7.5610540e-30   1.1021956e-29   1.6258194e-29
   2.3805545e-29   3.5415339e-29   5.3143005e-29   8.0037469e-29   1.2100993e-28
   1.8300995e-28   2.7355353e-28   4.0900860e-28   5.9979118e-28   8.8523145e-28
   1.2728342e-27   1.8291739e-27   2.6198125e-27   3.6890908e-27   5.1390279e-27
   7.1327218e-27   1.0318401e-26   1.4520160e-26   2.0812650e-26   3.7291548e-26
   6.1690736e-26   8.8492486e-26   1.2286991e-25   1.7477546e-25   2.4618413e-25
   1.0824734e-29   1.6214280e-29   2.3524982e-29   3.4128090e-29   5.0049092e-29
   7.3108561e-29   1.0833213e-28   1.6098717e-28   2.3875364e-28   3.5438336e-28
   5.2480287e-28   7.6742808e-28   1.1289492e-27   1.6221740e-27   2.3557064e-27
   3.3472537e-27   4.7141233e-27   6.7777140e-27   9.5288639e-27   1.3275899e-26
   1.8836366e-26   2.6296155e-26   3.7276457e-26   5.3154520e-26   9.5928887e-26
   1.6650209e-25   2.3832249e-25   3.3823834e-25   4.7101246e-25   6.6009874e-25
   3.3781137e-29   5.0457684e-29   7.3023357e-29   1.0553903e-28   1.5409268e-28
   2.2381338e-28   3.2807592e-28   4.8033819e-28   6.9916324e-28   1.0175057e-27
   1.4792594e-27   2.1165926e-27   3.0590139e-27   4.3367169e-27   6.2190311e-27
   8.7014231e-27   1.2172138e-26   1.7244697e-26   2.4490067e-26   3.4021361e-26
   4.8378485e-26   6.7952142e-26   9.7356437e-26   1.3705161e-25   2.3322801e-25
   4.1381302e-25   6.3026781e-25   8.8548702e-25   1.2622299e-24   1.7395580e-24
   1.0513244e-28   1.5677382e-28   2.2649545e-28   3.2609296e-28   4.7292349e-28
   6.8030663e-28   9.8973325e-28   1.4197152e-27   2.0445129e-27   2.9098980e-27
   4.1654336e-27   5.9328966e-27   8.4001393e-27   1.1898388e-26   1.6774831e-26
   2.3337558e-26   3.2958043e-26   4.6415240e-26   6.5396388e-26   9.1495759e-26
   1.3047226e-25   1.8406442e-25   2.5947055e-25   3.7997222e-25   5.9739416e-25
   1.0120721e-24   1.4917871e-24   2.2492048e-24   3.0595017e-24   4.4246395e-24
   3.2662360e-28   4.8676230e-28   7.0166157e-28   1.0050347e-27   1.4463211e-27
   2.0606669e-27   2.9641782e-27   4.2031516e-27   5.9810151e-27   8.4726039e-27
   1.1945130e-26   1.6899885e-26   2.3623815e-26   3.3151471e-26   4.6562261e-26
   6.5728575e-26   9.2976161e-26   1.3015900e-25   1.8624458e-25   2.6478288e-25
   3.6640238e-25   5.3719079e-25   7.5454737e-25   1.0495489e-24   1.5287132e-24
   2.4017889e-24   3.4800747e-24   5.2371394e-24   7.2959875e-24   1.0290862e-23
   1.0134136e-27   1.5094466e-27   2.1694882e-27   3.0924735e-27   4.4401786e-27
   6.2501039e-27   8.9194653e-27   1.2601725e-26   1.7730010e-26   2.4968274e-26
   3.5026909e-26   4.9369685e-26   6.8861515e-26   9.6380782e-26   1.3645069e-25
   1.9210314e-25   2.7245841e-25   3.8767341e-25   5.4679347e-25   7.7324117e-25
   1.1327470e-24   1.5518251e-24   2.1645202e-24   2.9959080e-24   4.1240894e-24
   5.9678555e-24   8.5902551e-24   1.2316260e-23   1.7807518e-23   2.5045193e-23
   3.1328352e-27   4.6624811e-27   6.6843467e-27   9.4936513e-27   1.3564939e-26
   1.9093875e-26   2.6989659e-26   3.7970763e-26   5.3221514e-26   7.4483150e-26
   1.0480983e-25   1.4670044e-25   2.0551312e-25   2.9001858e-25   4.1187053e-25
   5.8644753e-25   8.4327720e-25   1.2201094e-24   1.6858778e-24   2.3820571e-24
   3.3168962e-24   4.5558293e-24   6.5720554e-24   9.0387640e-24   1.2001024e-23
   1.5903215e-23   2.2718080e-23   2.9780990e-23   4.2188594e-23   5.8643937e-23
   9.5524783e-27   1.4219856e-26   2.0372919e-26   2.8923621e-26   4.1261074e-26
   5.7973517e-26   8.1741043e-26   1.1474400e-25   1.6097359e-25   2.2613748e-25
   3.1680839e-25   4.4571513e-25   6.4043430e-25   9.0301791e-25   1.2899748e-24
   1.8619379e-24   2.5454229e-24   3.6974615e-24   5.0080652e-24   7.0272459e-24
   9.7867218e-24   1.3895372e-23   1.9176675e-23   2.7607422e-23   3.3329776e-23
   4.2526269e-23   5.6727875e-23   7.4999227e-23   1.0187094e-22   1.3932689e-22
   2.7959729e-26   4.1712762e-26   6.0122898e-26   8.5682264e-26   1.2234065e-25
   1.7237440e-25   2.4227793e-25   3.4409827e-25   4.8490188e-25   6.8323270e-25
   9.6016500e-25   1.3474554e-24   1.9662206e-24   2.7190736e-24   3.8744942e-24
   5.4779755e-24   7.6790724e-24   1.0807313e-23   1.5169681e-23   2.1300240e-23
   2.9111091e-23   4.0004230e-23   5.8113853e-23   7.9517503e-23   9.1978904e-23
   1.0665604e-22   1.4032326e-22   1.9224682e-22   2.5391136e-22   3.4361386e-22
   7.3310050e-26   1.0865249e-25   1.5505308e-25   2.2102309e-25   3.1612313e-25
   4.4812333e-25   6.1300678e-25   9.0004987e-25   1.2681673e-24   1.8283287e-24
   2.5358515e-24   3.5766596e-24   5.0340128e-24   7.0781686e-24   9.7235116e-24
   1.3628701e-23   1.9261065e-23   2.6992010e-23   3.7705045e-23   5.2679221e-23
   7.4816381e-23   1.0384890e-22   1.4381873e-22   1.9850800e-22   2.2058526e-22
   2.7213481e-22   3.4019357e-22   4.6451333e-22   6.1524635e-22   8.3477301e-22
   1.5454295e-25   2.2203839e-25   3.0748059e-25   4.3070665e-25   6.0308633e-25
   8.5112893e-25   1.1194767e-24   1.6816714e-24   2.3484634e-24   3.3818287e-24
   4.6488841e-24   6.5254383e-24   9.1349032e-24   1.2786654e-23   1.7930679e-23
   2.4626519e-23   3.4839187e-23   4.8710039e-23   6.8150008e-23   9.5043783e-23
   1.3449183e-22   1.8736431e-22   2.6058308e-22   3.6585877e-22   4.9195449e-22
   6.4086485e-22   8.2894767e-22   1.1298647e-21   1.4992516e-21   2.1332168e-21
   2.7083311e-25   3.8203840e-25   5.2558166e-25   7.3336012e-25   1.0108703e-24
   1.4443307e-24   2.0316912e-24   2.8683457e-24   4.0018251e-24   5.7777171e-24
   7.8928178e-24   1.1117338e-23   1.5580385e-23   2.1868593e-23   3.0750504e-23
   4.4452893e-23   5.9472176e-23   8.3093949e-23   1.1661818e-22   1.6272297e-22
   2.2986228e-22   3.2113104e-22   4.4625110e-22   6.4673086e-22   1.0149167e-21
   1.5144256e-21   2.0006800e-21   2.7631631e-21   3.8809214e-21   5.2830605e-21
   4.8230665e-25   6.8839051e-25   9.6611400e-25   1.3644162e-24   1.8485494e-24
   2.7275733e-24   3.8674412e-24   5.5161643e-24   7.6499601e-24   1.1164189e-23
   1.5462145e-23   2.2493829e-23   3.0029656e-23   4.2265157e-23   5.9645154e-23
   8.6616112e-23   1.1827716e-22   1.6562920e-22   2.2499566e-22   3.1396345e-22
   4.4448029e-22   6.2081572e-22   8.6112008e-22   1.2594808e-21   2.1444001e-21
   3.5980026e-21   4.9318823e-21   6.8073131e-21   9.6186487e-21   1.3178033e-20
