       1212.7366       977.95495       816.52003       689.24935       582.78225
       494.58475       421.45508       362.90973       313.51005       272.48421
       237.82660       208.65227       183.68435       162.33136       143.96060
       127.98873       114.02966       101.76494       90.899100       81.242418
       72.634338       64.951380       58.083685       51.906983       45.248707
       38.794694       33.776908       29.639949       26.157369       23.177011
       1212.7366       977.95495       816.52003       689.24935       582.78225
       494.58475       421.45508       362.90973       313.51005       272.48421
       237.82660       208.65227       183.68435       162.33136       143.96060
       127.98873       114.02966       101.76494       90.899100       81.242418
       72.634338       64.951380       58.083685       51.906983       45.248707
       38.794694       33.776908       29.639949       26.157369       23.177011
       1212.7366       977.95495       816.52003       689.24935       582.78225
       494.58475       421.45508       362.90973       313.51005       272.48421
       237.82660       208.65227       183.68435       162.33136       143.96060
       127.98873       114.02966       101.76494       90.899100       81.242418
       72.634338       64.951380       58.083685       51.906983       45.248707
       38.794694       33.776908       29.639949       26.157369       23.177011
       1212.7366       977.95495       816.52003       689.24935       582.78225
       494.58475       421.45508       362.90973       313.51005       272.48421
       237.82660       208.65227       183.68435       162.33136       143.96060
       127.98873       114.02966       101.76494       90.899100       81.242418
       72.634338       64.951380       58.083685       51.906983       45.248707
       38.794694       33.776908       29.639949       26.157369       23.177011
       1212.7366       977.95495       816.52003       689.24935       582.78225
       494.58475       421.45508       362.90973       313.51005       272.48421
       237.82660       208.65227       183.68435       162.33136       143.96060
       127.98873       114.02966       101.76494       90.899100       81.242418
       72.634338       64.951380       58.083685       51.906983       45.248707
       38.794694       33.776908       29.639949       26.157369       23.177011
       1212.7366       977.95495       816.52003       689.24935       582.78225
       494.58475       421.45508       362.90973       313.51005       272.48421
       237.82660       208.65227       183.68435       162.33136       143.96060
       127.98873       114.02966       101.76494       90.899100       81.242418
       72.634338       64.951380       58.083685       51.906983       45.248707
       38.794694       33.776908       29.639949       26.157369       23.177011
       1212.7366       977.95495       816.52003       689.24935       582.78225
       494.58475       421.45508       362.90973       313.51005       272.48421
       237.82660       208.65227       183.68435       162.33136       143.96060
       127.98873       114.02966       101.76494       90.899100       81.242418
       72.634338       64.951380       58.083685       51.906983       45.248707
       38.794694       33.776908       29.639949       26.157369       23.177011
       1212.7366       977.95495       816.52003       689.24935       582.78225
       494.58475       421.45508       362.90973       313.51005       272.48421
       237.82660       208.65227       183.68435       162.33136       143.96060
       127.98873       114.02966       101.76494       90.899100       81.242418
       72.634338       64.951380       58.083685       51.906983       45.248707
       38.794694       33.776908       29.639949       26.157369       23.177011
       1212.7366       977.95495       816.52003       689.24935       582.78225
       494.58475       421.45508       362.90973       313.51005       272.48421
       237.82660       208.65227       183.68435       162.33136       143.96060
       127.98873       114.02966       101.76494       90.899100       81.242418
       72.634338       64.951380       58.083685       51.906983       45.248707
       38.794694       33.776908       29.639949       26.157369       23.177011
       1212.7366       977.95495       816.52003       689.24935       582.78225
       494.58475       421.45508       362.90973       313.51005       272.48421
       237.82660       208.65227       183.68435       162.33136       143.96060
       127.98873       114.02966       101.76494       90.899100       81.242418
       72.634338       64.951380       58.083685       51.906983       45.248707
       38.794694       33.776908       29.639949       26.157369       23.177011
       1212.7366       977.95495       816.52003       689.24935       582.78225
       494.58475       421.45508       362.90973       313.51005       272.48421
       237.82660       208.65227       183.68435       162.33136       143.96060
       127.98873       114.02966       101.76494       90.899100       81.242418
       72.634338       64.951380       58.083685       51.906983       45.248707
       38.794694       33.776908       29.639949       26.157369       23.177011
       1212.7366       977.95495       816.52003       689.24935       582.78225
       494.58475       421.45508       362.90973       313.51005       272.48421
       237.82660       208.65227       183.68435       162.33136       143.96060
       127.98873       114.02966       101.76494       90.899100       81.242418
       72.634338       64.951380       58.083685       51.906983       45.248707
       38.794694       33.776908       29.639949       26.157369       25.352468
       1212.7366       977.95495       816.52003       689.24935       582.78225
       494.58475       421.45508       362.90973       313.51005       272.48421
       237.82660       208.65227       183.68435       162.33136       143.96060
       127.98873       114.02966       101.76494       90.899100       81.242418
       72.634338       64.951380       58.083685       56.300204       45.248707
       38.794694       33.776908       31.674235       31.066817       30.715217
       1212.7366       977.95495       816.52003       689.24935       582.78225
       494.58475       421.45508       362.90973       313.51005       272.48421
       237.82660       208.65227       183.68435       162.33136       143.96060
       127.98873       114.02966       101.76494       90.899100       81.242418
       72.634338       70.267343       70.333018       68.209254       51.248134
       42.162274       39.666148       38.374212       37.638308       37.212335
       1212.7366       977.95495       816.52003       689.24935       582.78225
       494.58475       421.45508       362.90973       313.51005       272.48421
       237.82660       208.65227       183.68435       162.33136       143.96060
       127.98873       114.02966       101.76494       90.899100       84.989860
       85.053961       85.130830       85.210397       82.637398       62.088532
       51.080761       48.056635       46.491419       45.599851       45.083773
       1212.7366       977.95495       816.52003       689.24935       582.78225
       494.58475       421.45508       362.90973       313.51005       272.48421
       237.82660       208.65227       183.68435       162.33136       143.96060
       127.98873       114.02966       102.81706       102.89081       102.96757
       103.04523       103.13836       103.23475       100.11749       75.221974
       61.885754       58.221943       56.325640       55.245481       54.620237
       1212.7366       977.95495       816.52003       689.24935       582.78225
       494.58475       421.45508       362.90973       313.51005       272.48421
       237.82660       208.65227       183.68435       162.33136       143.96060
       127.98873       124.46791       124.56571       124.65507       124.74805
       124.84214       124.95497       125.07176       121.29511       91.133502
       74.976303       70.537494       68.240070       66.931428       66.173928
       1212.7366       977.95495       816.52003       689.24935       582.78225
       494.58475       421.45508       362.90973       313.51005       272.48421
       237.82660       208.65227       183.68435       162.33136       150.50665
       150.65583       150.79632       150.91480       151.02306       151.13572
       151.24971       151.38640       151.52789       146.95238       110.41076
       90.835865       85.458125       82.674733       81.089277       80.171544
       1212.7366       977.95495       816.52003       689.24935       582.78225
       494.58475       421.45508       362.90973       313.51005       272.48421
       237.82660       208.65227       183.68435       182.12764       182.34297
       182.52371       182.69391       182.83745       182.96862       183.10510
       183.24321       183.40881       183.58024       178.03688       133.76569
       110.05016       103.53488       100.16273       98.241902       97.130044
       1212.7366       977.95495       816.52003       689.24935       582.78225
       494.58475       421.45508       362.90973       313.51005       272.48421
       237.82660       219.98943       220.35197       220.65267       220.91355
       221.13252       221.33873       221.51263       221.67154       221.83690
       222.00421       222.20485       222.41253       215.69660       162.06083
       133.32882       125.43537       121.34991       119.02278       117.67573
       1212.7366       977.95495       816.52003       689.24935       582.78225
       494.58475       421.45508       362.90973       313.51005       272.48421
       266.00628       266.52328       266.96250       267.32681       267.64287
       267.90817       268.15799       268.36868       268.56120       268.76153
       268.96424       269.20732       269.45893       261.32240       196.34118
       161.53155       151.96842       147.01878       144.19939       142.56741
       1212.7366       977.95495       816.52003       689.24935       582.78225
       494.58475       421.45508       362.90973       320.72148       321.53658
       322.27396       322.90033       323.43246       323.87383       324.25674
       324.57816       324.88082       325.13608       325.36932       325.61203
       325.85762       326.15212       326.45695       316.59931       237.87277
       195.69994       184.11395       178.11731       174.70155       172.72436
       1212.7366       977.95495       816.52003       689.24935       582.78225
       494.58475       421.45508       387.40988       388.56294       389.55046
       390.44382       391.20268       391.84737       392.38210       392.84601
       393.23541       393.60210       393.91135       394.19393       394.48798
       394.78552       395.14231       395.51163       383.56882       288.18944
       237.09589       223.05914       215.79405       211.65576       209.26034
       1212.7366       977.95495       816.52003       689.24935       582.78225
       494.58475       467.73244       469.35779       470.75475       471.95116
       473.03349       473.95287       474.73392       475.38177       475.94381
       476.41558       476.85983       477.23450       477.57685       477.93310
       478.29357       478.72584       479.17328       464.70424       349.14948
       287.24823       270.24232       261.44046       256.42681       253.52468
       1212.7366       977.95495       816.52003       689.24935       582.78225
       564.35315       566.67079       568.63994       570.33240       571.78189
       573.09316       574.20701       575.15328       575.93816       576.61909
       577.19065       577.72888       578.18279       578.59756       579.02917
       579.46589       579.98959       580.53168       563.00204       423.00425
       348.00917       327.40605       316.74235       310.66817       307.15217
       1212.7366       977.95495       816.52003       689.24935       680.81119
       683.72945       686.53733       688.92301       690.97348       692.72957
       694.31821       695.66767       696.81410       697.76501       698.58997
       699.28244       699.93451       700.48444       700.98695       701.50986
       702.03896       702.67343       703.33018       682.09254       512.48134
       421.62274       396.66148       383.74212       376.38308       372.12335
       1212.7366       977.95495       816.52003       820.01711       824.82159
       828.35713       831.75896       834.64929       837.13348       839.26103
       841.18571       842.82062       844.20956       845.36161       846.36107
       847.20002       847.99002       848.65628       849.26508       849.89860
       850.53961       851.30830       852.10397       826.37398       620.88532
       510.80761       480.56635       464.91419       455.99851       450.83773
       1212.7366       980.14602       987.49800       993.47341       999.29417
       1003.5776       1007.6990       1011.2007       1014.2104       1016.7880
       1019.1198       1021.1005       1022.7832       1024.1790       1025.3898
       1026.4063       1027.3634       1028.1706       1028.9081       1029.6757
       1030.4523       1031.3836       1032.3475       1001.1749       752.21974
       618.85754       582.21943       563.25640       552.45481       546.20237
       1212.7366       1187.4740       1196.3811       1203.6205       1210.6725
       1215.8620       1220.8552       1225.0976       1228.7439       1231.8667
       1234.6918       1237.0915       1239.1302       1240.8211       1242.2882
       1243.5196       1244.6791       1245.6571       1246.5507       1247.4805
       1248.4214       1249.5497       1250.7176       1212.9511       911.33502
       749.76303       705.37494       682.40070       669.31428       661.73928
       1425.3138       1438.6576       1449.4488       1458.2195       1466.7633
       1473.0504       1479.0998       1484.2396       1488.6572       1492.4406
       1495.8632       1498.7706       1501.2405       1503.2891       1505.0665
       1506.5583       1507.9632       1509.1480       1510.2306       1511.3572
       1512.4971       1513.8640       1515.2789       1469.5238       1104.1076
       908.35865       854.58125       826.74733       810.89277       801.71544
