1.211111e+03 1.211111e+03 1.211111e+03 1.211111e+03 1.211111e+03 1.211111e+03 1.211111e+03 1.211111e+03 1.211111e+03 1.211111e+03 1.211111e+03 1.211111e+03 1.211111e+03 1.211111e+03 1.211111e+03 1.211111e+03 1.211111e+03 1.211111e+03 1.211111e+03 1.211111e+03 1.211111e+03 1.211111e+03 1.211111e+03 1.211111e+03 1.211111e+03 1.211111e+03 1.211111e+03 1.211111e+03 1.211111e+03 1.425939e+03
9.764450e+02 9.764450e+02 9.764450e+02 9.764450e+02 9.764450e+02 9.764450e+02 9.764450e+02 9.764450e+02 9.764450e+02 9.764450e+02 9.764450e+02 9.764450e+02 9.764450e+02 9.764450e+02 9.764450e+02 9.764450e+02 9.764450e+02 9.764450e+02 9.764450e+02 9.764450e+02 9.764450e+02 9.764450e+02 9.764450e+02 9.764450e+02 9.764450e+02 9.764450e+02 9.764450e+02 9.805189e+02 1.187926e+03 1.439205e+03
8.162350e+02 8.162350e+02 8.162350e+02 8.162350e+02 8.162350e+02 8.162350e+02 8.162350e+02 8.162350e+02 8.162350e+02 8.162350e+02 8.162350e+02 8.162350e+02 8.162350e+02 8.162350e+02 8.162350e+02 8.162350e+02 8.162350e+02 8.162350e+02 8.162350e+02 8.162350e+02 8.162350e+02 8.162350e+02 8.162350e+02 8.162350e+02 8.162350e+02 8.162350e+02 8.162350e+02 9.876741e+02 1.196595e+03 1.449707e+03
6.890870e+02 6.890870e+02 6.890870e+02 6.890870e+02 6.890870e+02 6.890870e+02 6.890870e+02 6.890870e+02 6.890870e+02 6.890870e+02 6.890870e+02 6.890870e+02 6.890870e+02 6.890870e+02 6.890870e+02 6.890870e+02 6.890870e+02 6.890870e+02 6.890870e+02 6.890870e+02 6.890870e+02 6.890870e+02 6.890870e+02 6.890870e+02 6.890870e+02 6.890870e+02 8.201676e+02 9.936557e+02 1.203841e+03 1.458487e+03
5.827027e+02 5.827027e+02 5.827027e+02 5.827027e+02 5.827027e+02 5.827027e+02 5.827027e+02 5.827027e+02 5.827027e+02 5.827027e+02 5.827027e+02 5.827027e+02 5.827027e+02 5.827027e+02 5.827027e+02 5.827027e+02 5.827027e+02 5.827027e+02 5.827027e+02 5.827027e+02 5.827027e+02 5.827027e+02 5.827027e+02 5.827027e+02 5.827027e+02 6.808893e+02 8.249162e+02 9.994088e+02 1.210811e+03 1.466931e+03
4.945389e+02 4.945389e+02 4.945389e+02 4.945389e+02 4.945389e+02 4.945389e+02 4.945389e+02 4.945389e+02 4.945389e+02 4.945389e+02 4.945389e+02 4.945389e+02 4.945389e+02 4.945389e+02 4.945389e+02 4.945389e+02 4.945389e+02 4.945389e+02 4.945389e+02 4.945389e+02 4.945389e+02 4.945389e+02 4.945389e+02 4.945389e+02 5.644141e+02 6.838033e+02 8.284466e+02 1.003686e+03 1.215993e+03 1.473210e+03
4.214281e+02 4.214281e+02 4.214281e+02 4.214281e+02 4.214281e+02 4.214281e+02 4.214281e+02 4.214281e+02 4.214281e+02 4.214281e+02 4.214281e+02 4.214281e+02 4.214281e+02 4.214281e+02 4.214281e+02 4.214281e+02 4.214281e+02 4.214281e+02 4.214281e+02 4.214281e+02 4.214281e+02 4.214281e+02 4.214281e+02 4.677728e+02 5.667197e+02 6.865966e+02 8.318308e+02 1.007786e+03 1.220961e+03 1.479228e+03
3.628932e+02 3.628932e+02 3.628932e+02 3.628932e+02 3.628932e+02 3.628932e+02 3.628932e+02 3.628932e+02 3.628932e+02 3.628932e+02 3.628932e+02 3.628932e+02 3.628932e+02 3.628932e+02 3.628932e+02 3.628932e+02 3.628932e+02 3.628932e+02 3.628932e+02 3.628932e+02 3.628932e+02 3.628932e+02 3.874368e+02 4.693904e+02 5.686795e+02 6.889709e+02 8.347074e+02 1.011271e+03 1.225183e+03 1.484343e+03
3.134991e+02 3.134991e+02 3.134991e+02 3.134991e+02 3.134991e+02 3.134991e+02 3.134991e+02 3.134991e+02 3.134991e+02 3.134991e+02 3.134991e+02 3.134991e+02 3.134991e+02 3.134991e+02 3.134991e+02 3.134991e+02 3.134991e+02 3.134991e+02 3.134991e+02 3.134991e+02 3.134991e+02 3.207395e+02 3.885848e+02 4.707812e+02 5.703644e+02 6.910123e+02 8.371805e+02 1.014267e+03 1.228813e+03 1.488741e+03
2.724764e+02 2.724764e+02 2.724764e+02 2.724764e+02 2.724764e+02 2.724764e+02 2.724764e+02 2.724764e+02 2.724764e+02 2.724764e+02 2.724764e+02 2.724764e+02 2.724764e+02 2.724764e+02 2.724764e+02 2.724764e+02 2.724764e+02 2.724764e+02 2.724764e+02 2.724764e+02 2.724764e+02 3.215517e+02 3.895688e+02 4.719734e+02 5.718088e+02 6.927622e+02 8.393006e+02 1.016836e+03 1.231925e+03 1.492511e+03
2.378208e+02 2.378208e+02 2.378208e+02 2.378208e+02 2.378208e+02 2.378208e+02 2.378208e+02 2.378208e+02 2.378208e+02 2.378208e+02 2.378208e+02 2.378208e+02 2.378208e+02 2.378208e+02 2.378208e+02 2.378208e+02 2.378208e+02 2.378208e+02 2.378208e+02 2.378208e+02 2.660163e+02 3.222861e+02 3.904585e+02 4.730513e+02 5.731148e+02 6.943444e+02 8.412174e+02 1.019158e+03 1.234738e+03 1.495920e+03
2.086477e+02 2.086477e+02 2.086477e+02 2.086477e+02 2.086477e+02 2.086477e+02 2.086477e+02 2.086477e+02 2.086477e+02 2.086477e+02 2.086477e+02 2.086477e+02 2.086477e+02 2.086477e+02 2.086477e+02 2.086477e+02 2.086477e+02 2.086477e+02 2.086477e+02 2.199960e+02 2.665313e+02 3.229100e+02 3.912144e+02 4.739671e+02 5.742243e+02 6.956886e+02 8.428459e+02 1.021131e+03 1.237129e+03 1.498816e+03
1.836807e+02 1.836807e+02 1.836807e+02 1.836807e+02 1.836807e+02 1.836807e+02 1.836807e+02 1.836807e+02 1.836807e+02 1.836807e+02 1.836807e+02 1.836807e+02 1.836807e+02 1.836807e+02 1.836807e+02 1.836807e+02 1.836807e+02 1.836807e+02 1.836807e+02 2.203572e+02 2.669688e+02 3.234401e+02 3.918566e+02 4.747452e+02 5.751669e+02 6.968306e+02 8.442295e+02 1.022807e+03 1.239160e+03 1.501276e+03
1.623283e+02 1.623283e+02 1.623283e+02 1.623283e+02 1.623283e+02 1.623283e+02 1.623283e+02 1.623283e+02 1.623283e+02 1.623283e+02 1.623283e+02 1.623283e+02 1.623283e+02 1.623283e+02 1.623283e+02 1.623283e+02 1.623283e+02 1.623283e+02 1.821320e+02 2.206580e+02 2.673333e+02 3.238816e+02 3.923916e+02 4.753932e+02 5.759521e+02 6.977818e+02 8.453820e+02 1.024204e+03 1.240851e+03 1.503325e+03
1.439579e+02 1.439579e+02 1.439579e+02 1.439579e+02 1.439579e+02 1.439579e+02 1.439579e+02 1.439579e+02 1.439579e+02 1.439579e+02 1.439579e+02 1.439579e+02 1.439579e+02 1.439579e+02 1.439579e+02 1.439579e+02 1.439579e+02 1.505107e+02 1.823479e+02 2.209195e+02 2.676501e+02 3.242655e+02 3.928567e+02 4.759567e+02 5.766347e+02 6.986089e+02 8.463840e+02 1.025418e+03 1.242322e+03 1.505107e+03
1.279863e+02 1.279863e+02 1.279863e+02 1.279863e+02 1.279863e+02 1.279863e+02 1.279863e+02 1.279863e+02 1.279863e+02 1.279863e+02 1.279863e+02 1.279863e+02 1.279863e+02 1.279863e+02 1.279863e+02 1.279863e+02 1.279863e+02 1.506602e+02 1.825290e+02 2.211390e+02 2.679160e+02 3.245876e+02 3.932469e+02 4.764295e+02 5.772075e+02 6.993028e+02 8.472247e+02 1.026436e+03 1.243556e+03 1.506602e+03
1.140276e+02 1.140276e+02 1.140276e+02 1.140276e+02 1.140276e+02 1.140276e+02 1.140276e+02 1.140276e+02 1.140276e+02 1.140276e+02 1.140276e+02 1.140276e+02 1.140276e+02 1.140276e+02 1.140276e+02 1.140276e+02 1.244718e+02 1.508011e+02 1.826996e+02 2.213457e+02 2.681664e+02 3.248910e+02 3.936145e+02 4.768748e+02 5.777470e+02 6.999565e+02 8.480166e+02 1.027396e+03 1.244718e+03 1.508011e+03
1.017631e+02 1.017631e+02 1.017631e+02 1.017631e+02 1.017631e+02 1.017631e+02 1.017631e+02 1.017631e+02 1.017631e+02 1.017631e+02 1.017631e+02 1.017631e+02 1.017631e+02 1.017631e+02 1.017631e+02 1.028203e+02 1.245697e+02 1.509196e+02 1.828432e+02 2.215196e+02 2.683772e+02 3.251464e+02 3.939238e+02 4.772496e+02 5.782011e+02 7.005066e+02 8.486832e+02 1.028203e+03 1.245697e+03 1.509196e+03
9.089748e+01 9.089748e+01 9.089748e+01 9.089748e+01 9.089748e+01 9.089748e+01 9.089748e+01 9.089748e+01 9.089748e+01 9.089748e+01 9.089748e+01 9.089748e+01 9.089748e+01 9.089748e+01 9.089748e+01 1.028942e+02 1.246591e+02 1.510280e+02 1.829746e+02 2.216787e+02 2.685699e+02 3.253799e+02 3.942067e+02 4.775924e+02 5.786164e+02 7.010097e+02 8.492927e+02 1.028942e+03 1.246591e+03 1.510280e+03
8.124098e+01 8.124098e+01 8.124098e+01 8.124098e+01 8.124098e+01 8.124098e+01 8.124098e+01 8.124098e+01 8.124098e+01 8.124098e+01 8.124098e+01 8.124098e+01 8.124098e+01 8.124098e+01 8.499282e+01 1.029712e+02 1.247524e+02 1.511410e+02 1.831115e+02 2.218446e+02 2.687709e+02 3.256234e+02 3.945017e+02 4.779497e+02 5.790493e+02 7.015343e+02 8.499282e+02 1.029712e+03 1.247524e+03 1.511410e+03
7.263306e+01 7.263306e+01 7.263306e+01 7.263306e+01 7.263306e+01 7.263306e+01 7.263306e+01 7.263306e+01 7.263306e+01 7.263306e+01 7.263306e+01 7.263306e+01 7.263306e+01 7.263306e+01 8.505705e+01 1.030490e+02 1.248467e+02 1.512552e+02 1.832499e+02 2.220123e+02 2.689740e+02 3.258695e+02 3.947999e+02 4.783110e+02 5.794870e+02 7.020645e+02 8.505705e+02 1.030490e+03 1.248467e+03 1.512552e+03
6.495025e+01 6.495025e+01 6.495025e+01 6.495025e+01 6.495025e+01 6.495025e+01 6.495025e+01 6.495025e+01 6.495025e+01 6.495025e+01 6.495025e+01 6.495025e+01 6.495025e+01 7.027027e+01 8.513438e+01 1.031427e+02 1.249602e+02 1.513927e+02 1.834165e+02 2.222141e+02 2.692186e+02 3.261657e+02 3.951588e+02 4.787458e+02 5.800138e+02 7.027027e+02 8.513438e+02 1.031427e+03 1.249602e+03 1.513927e+03
5.808268e+01 5.808268e+01 5.808268e+01 5.808268e+01 5.808268e+01 5.808268e+01 5.808268e+01 5.808268e+01 5.808268e+01 5.808268e+01 5.808268e+01 5.808268e+01 5.808268e+01 7.033603e+01 8.521405e+01 1.032392e+02 1.250771e+02 1.515344e+02 1.835881e+02 2.224221e+02 2.694705e+02 3.264710e+02 3.955286e+02 4.791938e+02 5.805566e+02 7.033603e+02 8.521405e+02 1.032392e+03 1.250771e+03 1.515344e+03
5.190341e+01 5.190341e+01 5.190341e+01 5.190341e+01 5.190341e+01 5.190341e+01 5.190341e+01 5.190341e+01 5.190341e+01 5.190341e+01 5.190341e+01 5.190341e+01 5.617586e+01 6.805860e+01 8.245488e+01 9.989637e+01 1.210272e+02 1.466278e+02 1.776437e+02 2.152202e+02 2.607452e+02 3.159001e+02 3.827217e+02 4.636779e+02 5.617586e+02 6.805860e+02 8.245488e+02 9.989637e+02 1.210272e+03 1.466278e+03
4.485286e+01 4.485286e+01 4.485286e+01 4.485286e+01 4.485286e+01 4.485286e+01 4.485286e+01 4.485286e+01 4.485286e+01 4.485286e+01 4.485286e+01 4.485286e+01 4.485286e+01 4.746989e+01 5.751109e+01 6.967627e+01 8.441473e+01 1.022708e+02 1.239039e+02 1.501130e+02 1.818660e+02 2.203357e+02 2.669428e+02 3.234086e+02 3.918185e+02 4.746989e+02 5.751109e+02 6.967627e+02 8.441473e+02 1.022708e+03
3.872250e+01 3.872250e+01 3.872250e+01 3.872250e+01 3.872250e+01 3.872250e+01 3.872250e+01 3.872250e+01 3.872250e+01 3.872250e+01 3.872250e+01 3.872250e+01 3.872250e+01 4.190977e+01 5.077484e+01 6.151512e+01 7.452727e+01 9.029185e+01 1.093911e+02 1.325303e+02 1.605641e+02 1.945279e+02 2.356759e+02 2.855279e+02 3.459250e+02 4.190977e+02 5.077484e+02 6.151512e+02 7.452727e+02 9.029185e+02
3.374584e+01 3.374584e+01 3.374584e+01 3.374584e+01 3.374584e+01 3.374584e+01 3.374584e+01 3.374584e+01 3.374584e+01 3.374584e+01 3.374584e+01 3.374584e+01 3.374584e+01 3.958765e+01 4.796153e+01 5.810672e+01 7.039790e+01 8.528900e+01 1.033300e+02 1.251871e+02 1.516677e+02 1.837496e+02 2.226177e+02 2.697075e+02 3.267581e+02 3.958765e+02 4.796153e+02 5.810672e+02 7.039790e+02 8.528900e+02
2.962378e+01 2.962378e+01 2.962378e+01 2.962378e+01 2.962378e+01 2.962378e+01 2.962378e+01 2.962378e+01 2.962378e+01 2.962378e+01 2.962378e+01 2.962378e+01 3.164567e+01 3.833960e+01 4.644948e+01 5.627483e+01 6.817852e+01 8.260016e+01 1.000724e+02 1.212405e+02 1.468862e+02 1.779567e+02 2.155994e+02 2.612046e+02 3.164567e+02 3.833960e+02 4.644948e+02 5.627483e+02 6.817852e+02 8.260016e+02
2.614834e+01 2.614834e+01 2.614834e+01 2.614834e+01 2.614834e+01 2.614834e+01 2.614834e+01 2.614834e+01 2.614834e+01 2.614834e+01 2.614834e+01 2.614834e+01 3.105265e+01 3.762115e+01 4.557906e+01 5.522029e+01 6.690091e+01 8.105230e+01 9.819711e+01 1.189685e+02 1.441336e+02 1.746219e+02 2.115593e+02 2.563099e+02 3.105265e+02 3.762115e+02 4.557906e+02 5.522029e+02 6.690091e+02 8.105230e+02
2.317188e+01 2.317188e+01 2.317188e+01 2.317188e+01 2.317188e+01 2.317188e+01 2.317188e+01 2.317188e+01 2.317188e+01 2.317188e+01 2.317188e+01 2.534658e+01 3.070809e+01 3.720370e+01 4.507331e+01 5.460756e+01 6.615857e+01 8.015294e+01 9.710750e+01 1.176484e+02 1.425343e+02 1.726843e+02 2.092118e+02 2.534658e+02 3.070809e+02 3.720370e+02 4.507331e+02 5.460756e+02 6.615857e+02 8.015294e+02
